term,estimate,std_error,statistic,p_value,name,n,estimate_for_ranking,Rank
x256,3.765408191210693,1.5757907887316165,2.3895356021477574,0.016869688740685118,柯潔,76,0.6611003374094087,1
x189,3.5266189954726928,1.5769962296131697,2.23628879337128,0.025332860054767172,朴廷桓,74,0.41993642313474844,2
x353,3.263034067997419,1.5871024452600415,2.055969403703352,0.039785465452505935,芈昱廷,45,0.13644225083513728,3
x321,3.241445963992766,1.5802957111771356,2.051164184694438,0.040250960451400516,申眞諝,61,0.12826341297380894,4
x210,3.175774291276117,1.5727588317513024,2.0192379322008454,0.04346249552400313,李世乭,79,0.07743939272605127,5
x72,3.170894109030206,1.5883731854065823,1.9963155624655922,0.04589958514890838,周睿羊,44,0.04179893377923882,6
x278,3.1298837212170154,1.591174664768939,1.9670271218600117,0.04918008407851506,檀嘯,37,-0.004730368377794392,7
x492,3.093093376681345,1.5832755013476207,1.9536040152510588,0.050748065418262614,黄雲嵩,49,-0.02595936097346785,8
x19,3.1078874907123724,1.6045813695003979,1.9368836942685204,0.05275956208252916,井山裕太,34,-0.053137807203411214,9
x338,3.0629257851118195,1.5872556550120476,1.9296990849836166,0.053644133412267536,童夢成,47,-0.06396785526191406,10
x453,3.012065016512156,1.5780435732802096,1.908733743169784,0.05629644790627276,陳耀燁,57,-0.09668082284985724,11
x421,3.0200694404658477,1.5847743947484603,1.9056778368413767,0.05669201650053933,金志錫,49,-0.10193611718861906,12
x360,2.982647989883855,1.5883296808438192,1.8778519509245004,0.06040142105523238,范蘊若,44,-0.14636148137846883,13
x98,2.952729778779997,1.5802382925596736,1.868534506904752,0.061687604972240274,姜東潤,55,-0.16033965756255997,14
x345,2.990831438243792,1.6061670132515502,1.8620924309665063,0.06259006273042834,羅玄,30,-0.17331757786176194,15
x34,2.9591670334001297,1.5939034039692703,1.856553556527307,0.06337469674058985,元晟溱,38,-0.1808226724193327,16
x255,2.9293308210585014,1.5791647471201349,1.8549874713202756,0.06359801570487346,柁嘉熹,53,-0.1816237307681643,17
x181,2.9017203401580076,1.5759872321308845,1.8412080256732828,0.06559107969607472,時越,60,-0.20297450713983478,18
x221,2.901617536457564,1.6242438253703158,1.7864420914735608,0.0740277055489785,李映九,22,-0.2981427995219579,19
x384,2.838068304916498,1.5925931883924074,1.7820422224593941,0.07474234662225027,謝爾豪,39,-0.29934027621654424,20
x57,2.803841658547308,1.5797625784288924,1.774850029259326,0.07592265313075568,古力,51,-0.3082906209576102,21
x401,2.803037096129218,1.5825082494138216,1.7712622333359045,0.07651710462311959,辜梓豪,49,-0.3145041552160106,22
x225,2.75910208111043,1.5766231027260293,1.75000739006035,0.08011703854669396,李欽誠,57,-0.3468454312598479,23
x402,2.7518846636391583,1.5858726407624615,1.735249472691639,0.08269662711060587,連笑,48,-0.37228443866289096,24
x75,2.714611357752807,1.5743602857269876,1.7242631069668333,0.08466035623295183,唐韋星,64,-0.38687840512935834,25
x223,2.71566166228967,1.5748975524181514,1.7243417885309114,0.08464615955408675,李東勲,66,-0.3868865159740884,26
x468,2.919537795045557,1.6863729974418427,1.731252694080357,0.08340670473254572,韓熊熙,15,-0.40261700991487315,27
x199,2.6761587575205463,1.5832998993179541,1.690241222571522,0.09098181489228505,朴永訓,50,-0.4429420441358234,28
x311,2.7281394249125515,1.6129410120797913,1.6914068180303619,0.09075913101442507,王檄,25,-0.44935436888463753,29
x427,2.6366799743865683,1.5985521138672079,1.6494175895260166,0.0990621136412337,金明訓,34,-0.5124676899318312,30
x93,2.6910372270015834,1.6294998598409391,1.6514498057485347,0.09864676201209009,姜儒澤,20,-0.5190774968850667,31
x52,2.578066216815375,1.5952239499147614,1.61611554098917,0.1060693347657941,卞相壹,37,-0.5645249645167048,32
x287,2.6146216413827172,1.6220617954182497,1.6119124738453847,0.1069809873971024,洪性志,23,-0.5808400955912347,33
x358,2.604512556465155,1.6227971614609427,1.6049526202772078,0.1085042319838182,范胤,23,-0.592397851612902,34
x272,2.5275933105711994,1.5856718325436896,1.5940204389684505,0.11093145710948213,楊鼎新,40,-0.596180199539869,35
x459,2.554460078382498,1.6030178695341477,1.5935318794199396,0.11104092254090615,陶欣然,29,-0.6034851245997728,36
x137,2.5278694332610767,1.59003855761585,1.589816436307958,0.11187618787807561,崔哲瀚,38,-0.6045065252421478,37
x243,2.513201708115347,1.5907711418486001,1.5798637792704804,0.11413806568762491,李軒豪,39,-0.6206174413263952,38
x357,2.4901707455962088,1.5910571524608688,1.5651045229548743,0.11755840323461218,范廷鈺,37,-0.6442118447517027,39
x206,2.563100622295182,1.629683064983165,1.572760174888152,0.11577436039231073,朴進率,20,-0.6473750157216531,40
x281,2.4720831631733815,1.5909128447373746,1.5538771789736032,0.12021371624162328,江維傑,38,-0.6620151409592463,41
x100,2.4533477541026985,1.592734221609298,1.5403371892291213,0.12347818317583946,孟泰齢,39,-0.6843386624676184,42
x168,2.427495896899689,1.590499931220363,1.5262470932879033,0.12694833922024878,彭立尭,38,-0.705788967604426,43
x216,2.4378237271078764,1.6152580058618695,1.509247264685187,0.13123560574362422,李志賢,25,-0.7442345444400065,44
x147,2.419392215395206,1.6142715515554733,1.4987516896174857,0.13393806169822497,廖元赫,25,-0.7607227411690767,45
x399,2.308395472222538,1.5983705688010297,1.4442179537590663,0.14867767617640293,趙漢乗,34,-0.8403945483154907,46
x30,2.7365666468949903,1.8187045017125312,1.5046790967516606,0.13240659975809124,佟禹林,6,-0.8462812214786961,47
x327,2.3248990227081796,1.6136765441760301,1.4407466174674501,0.1496562796369742,睦鎮碩,27,-0.8540437693185998,48
x58,2.312226664093382,1.6082944955473126,1.4376886014936692,0.15052242869064883,古霊益,27,-0.8561134921348237,49
x106,2.2713135491355123,1.5965779255856953,1.422613649316424,0.15484818500245978,安成浚,35,-0.8739449642683073,50
x379,2.28729839681135,1.6252208811700093,1.4073769438432921,0.15931564425744044,許映皓,21,-0.9143867390935685,51
x323,0.5659284220622408,0.7564139566545675,0.748172898032187,0.45435587604078714,白成豪,13,-0.924207072547257,52
x102,2.2943177694122974,1.6347654717266735,1.403453773090149,0.16048156755157228,孫騰宇,19,-0.9261702098892495,53
x366,2.2220936001343263,1.6026581435859166,1.3865050441527318,0.1655927411064349,蔡競,31,-0.9351429427299296,54
x324,2.2532151780913234,1.6309091388175718,1.381570024020425,0.16710376331472468,白洪淅,19,-0.9596758253792932,55
x67,2.2167753794195204,1.639498074323717,1.3521061196329411,0.17634136992985083,周俊勲,22,-1.0130358269982023,56
x377,2.1381627246362243,1.603000687701327,1.3338501605400492,0.18225296812004843,許嘉陽,30,-1.01974863013539,57
x469,2.6372065060698118,1.8711996734367633,1.409366698544871,0.15872676576905587,韓雄奎,4,-1.049056850600612,58
x130,2.1390672379467754,1.6209900954638743,1.3196053720085468,0.18696680836490034,尹畯相,23,-1.0542832501170567,59
x280,2.1527268053411523,1.6309271488402126,1.3199405055412823,0.18685488242480225,毛睿龍,19,-1.0601996778740665,60
x73,2.0781946054749234,1.5991139526859814,1.299591315543364,0.19374107774300342,周賀璽,32,-1.0720598813164601,61
x320,2.0634899375364033,1.594085111600982,1.2944666018892714,0.19550429827594498,申旻埈,39,-1.076857732317531,62
x105,0.43161142323454393,0.7660708109369626,0.5634093050832344,0.5731562023979666,安官旭,12,-1.0775480743112724,63
x471,2.0242777502789817,1.5773194333293683,1.28336575807361,0.199363964495637,高尾紳路,45,-1.0830415333798737,64
x212,2.3583968535674904,1.7491130095508172,1.3483387526647812,0.17754945335912592,李喆,8,-1.0873557752476195,65
x204,2.0882468023663754,1.6190471799254653,1.289799845401979,0.19712016164746746,朴珉奎,24,-1.1012761420867911,66
x430,0.2846402690570218,0.7040191335097925,0.40430757561656894,0.6859865553873665,金東燁,15,-1.1022774239572695,67
x455,2.1264858664912154,1.6398987229301047,1.2967178013845249,0.1947283020347752,陳賢,18,-1.1041146176810908,68
x35,2.0758550604547157,1.618043589710956,1.2829413704642791,0.1995126174357542,党毅飛,21,-1.1116908112758677,69
x419,2.0793283145519674,1.6227501753567184,1.2813607085852772,0.20006699834892192,金庭賢,22,-1.1174895309007677,70
x129,2.075264490105883,1.6209003665035715,1.2803158867700277,0.20043406261410998,尹燦熙,24,-1.1179092319061525,71
x66,2.4658604994624214,1.8210395327914604,1.3540949853419815,0.17570607586148793,呉震宇,6,-1.1215873801367553,72
x312,2.0917140218418435,1.6340407793356944,1.2800867936063458,0.20051461273916782,王沢錦,19,-1.1273463134494741,73
x397,2.0047055295809013,1.6009873597090052,1.252168243192923,0.2105085650671183,趙晨宇,34,-1.149239569045839,74
x148,2.0030729805781693,1.6079643956808873,1.2457197348141371,0.21286730586992705,廖行文,28,-1.1646168789131788,75
x350,2.0538975096630034,1.636859915272933,1.2547790378998516,0.20955898422805183,胡躍峰,17,-1.1707165234246748,76
x305,2.084256101912089,1.65833062340437,1.2568399042365515,0.20881161319388686,牛雨田,13,-1.18265522619452,77
x161,0.2909364703858625,0.7480210114451816,0.38894157508192356,0.6973193663266404,張秀英,13,-1.1826649221611452,78
x220,2.0029956253828782,1.6242090078611715,1.233212976709512,0.21749631514395584,李昌鎬,22,-1.1966961201036295,79
x237,2.1561350861671187,1.704634706731255,1.2648663538604374,0.20591924035979045,李維清,11,-1.2019952860934535,80
x143,2.0623060027174542,1.657280539884958,1.2443916120927911,0.21335546850025805,常昊,16,-1.202536660855913,81
x244,1.9314973837534632,1.6318312743737622,1.1836379251247664,0.23655642096322338,李銘,19,-1.2832102267628482,82
x56,1.9611659210425751,1.6484711921708783,1.1896877120794012,0.2341691568097807,厳歓,15,-1.286322327534055,83
x306,1.8447486038053988,1.5910341252183131,1.159465139411936,0.24626663828593573,王元均,44,-1.289588622874678,84
x406,1.841776700435959,1.5903421990589672,1.158100880128673,0.24682287088631763,鄔光亜,40,-1.2911974317102064,85
x3,1.7894742100002587,1.5684335725046425,1.1409308251050982,0.25389871062083874,一力遼,55,-1.3003399278338872,86
x404,1.8381221198788051,1.597992738936674,1.1502693817632217,0.2500329375092029,邱峻,35,-1.3099235758264423,87
x227,1.923749337688634,1.6438060877418352,1.1703018695662386,0.2418795098043106,李泰賢,17,-1.3145486551627814,88
x140,1.8182595453038966,1.5924691710136814,1.1417863393527983,0.25354284197250837,崔精,55,-1.3189047215930558,89
x383,2.668896798785635,2.031285632946962,1.313895375173621,0.18888141528987215,謝尓豪,3,-1.3327358981198802,90
x131,1.7613654639866567,1.5725667566011676,1.1200576742405168,0.2626891856768062,山下敬吾,44,-1.3365910465176434,91
x192,1.9104729302296148,1.6483073544515683,1.1590513899425483,0.2464352383510782,朴文尭,16,-1.3366925580399747,92
x94,0.13176865326832785,0.7600632915113417,0.17336536935800903,0.8623642441460679,姜勲,12,-1.3655560310090153,93
x467,2.1528792914988224,1.7920371154634114,1.2013586509574603,0.22961210837803012,韓晗,6,-1.377433825964098,94
x77,1.9186474720361995,1.673925853835069,1.1461962115230242,0.251713975097552,国宇征,12,-1.3789864600188864,95
x178,1.7897420161522246,1.610034530849109,1.1116171621538704,0.26630279029551823,於之瑩,65,-1.3820260096205204,96
x33,1.9496365601486931,1.6933646229458168,1.1513388987405793,0.24959284014676267,偰玹準,14,-1.3862917470545657,97
x446,2.7217284089188465,2.086180613104012,1.3046465832453535,0.19201321831472362,陳時暎,3,-1.3880473988960573,98
x158,1.7609947266404216,1.6034472843276404,1.0982554548893975,0.27209295719542104,張涛,31,-1.39779642348503,99
x28,1.697710216113253,1.5733357936544439,1.079051416080683,0.28056480761890207,余正麒,40,-1.4017612973860016,100
x440,1.7754560716707877,1.6129137444696555,1.1007755856495463,0.2709943399910049,鍾文靖,26,-1.4019840049344339,101
x48,1.8247630232913374,1.6385274858350405,1.1136603072370104,0.26542494373439474,劉曦,17,-1.4031361238036923,102
x309,1.9298899587896223,1.696333646424893,1.1376830040817505,0.2552528728372652,王昊洋,11,-1.4118873246674168,103
x21,1.872023012496447,1.6787053080492678,1.115158809303953,0.26478237383460207,付沖,13,-1.4350264443606107,104
x385,1.7048124759002603,1.6065116499983219,1.0611889903830085,0.2886040217689524,謝科,30,-1.4600154745964338,105
x169,2.1369751219914366,1.8491282398528872,1.1556662625851466,0.24781769294826755,彭筌,5,-1.5058075105187512,106
x351,1.8087239491134073,1.6840254378112127,1.074047878673537,0.2828012231733044,胡鈺函,12,-1.5088061633746819,107
x367,1.6165860470448903,1.5894996440829972,1.0170408361289818,0.3091340034466816,蕭正浩,45,-1.514728251798614,108
x76,2.0527582230430528,1.8127592529590713,1.1323942877093125,0.2574687053480193,喬智健,6,-1.5183775052863178,109
x114,1.7910340138408354,1.69373879058826,1.0574440544157244,0.29030897467634315,宋泰坤,14,-1.5456314036180365,110
x284,1.5484165338127107,1.577810300503101,0.9813705318814196,0.3264100524372703,河野臨,39,-1.559869758178398,111
x405,1.711234217595443,1.6705412614737185,1.024359144583969,0.30566567167324693,郭聞潮,14,-1.5797320675077826,112
x426,1.6381258539311425,1.6374826967689373,1.0003927718830095,0.3171204665974717,金昇宰,18,-1.5877150587036641,113
x454,1.539391371284584,1.5963345234511384,0.9643288099517836,0.3348811012394065,陳詩淵,34,-1.6053876399141587,114
x5,1.6379041452644578,1.6510072895091645,0.9920635454925204,0.32116652808231044,丁浩,17,-1.6145802150685962,115
x79,1.497717383556759,1.6162320125290517,0.9266722673146146,0.35409672068674347,夏晨琨,27,-1.6862596811254726,116
x466,1.557396666586473,1.654909902084443,0.9410764082231019,0.3466657044009457,韓昇周,16,-1.7027758405198798,117
x37,1.7147449040700193,1.738973083535296,0.9860675362403993,0.3240999728350895,兪斌,8,-1.7110320704945137,118
x449,1.7176285000887683,1.744831319659244,0.9844094845937381,0.3249142165033631,陳浩,8,-1.7196891996399424,119
x301,2.2927211989773335,2.040981942945993,1.1233422259816639,0.26129217662356985,焦士維,3,-1.7280132286262733,120
x245,1.3532235840802722,1.565581327207771,0.8643585360677233,0.3873909631784145,村川大介,51,-1.7309716305190366,121
x248,1.3722978533291497,1.587833278010064,0.8642581512392586,0.38744609379825123,林君諺,43,-1.7557337043506762,122
x103,1.5969317751703511,1.7022712879538722,0.9381182579245997,0.3481836399258052,安冬旭,11,-1.7565426620987772,123
x364,2.4392751628742473,2.1324624297217083,1.1438772045294974,0.252674565923361,蔡文馳,2,-1.761675823677518,124
x175,1.71601348883231,1.7697906610726062,0.9696138230226032,0.33223902014275747,戎毅,7,-1.770474113480724,125
x378,1.3653314269582406,1.592033884537344,0.8576019896429624,0.3911122760345331,許家元,31,-1.770975325580327,126
x410,2.0971487114568172,1.9636061205807582,1.068008848351197,0.2855165204716976,金主鎬,4,-1.7711553460872764,127
x234,2.2397763649814926,2.052796599340775,1.091085383569304,0.2752353137399861,李相勲,3,-1.8042329357198343,128
x229,1.3956372039183491,1.6325503570363087,0.854881564849218,0.39261671735974785,李浩范,23,-1.8204869994431792,129
x211,1.4749979737494232,1.6796506212173623,0.8781576091582589,0.3798581931186714,李元栄,13,-1.8339137500487805,130
x270,1.3650028854892045,1.628261569294087,0.8383191688795952,0.4018514728946156,楊楷文,22,-1.842672406020147,131
x464,1.4325016860976896,1.662648400397165,0.8615782421319509,0.3889196483473745,韓一洲,15,-1.8429156626847258,132
x20,1.4954286820806342,1.6965425353599208,0.8814566395550935,0.378070713018024,今村俊也,11,-1.8467601125784099,133
x97,1.3433312864507772,1.6348003279748486,0.8217096996272711,0.41124213742432386,姜昇旼,21,-1.8772253596596749,134
x447,1.3970941698986017,1.6624113226580617,0.8404022222759893,0.4006829035694055,陳梓健,15,-1.8778561357377799,135
x138,1.3179505102737792,1.6231709748790484,0.8119603730420248,0.4168143700582081,崔宰栄,27,-1.8796963102379463,136
x47,1.3367070151294809,1.6398113571574344,0.8151590177095881,0.41498129302644116,劉星,19,-1.893721358470665,137
x380,1.2773466570215253,1.6219054830922406,0.7875592445659674,0.4309545616617129,許皓鋐,23,-1.9178071446701885,138
x162,1.354061259187922,1.6618667258996802,0.8147833024666148,0.41519636036322655,張立,16,-1.9198161908344482,139
x217,2.269117675716031,2.1310752357769127,1.0647759579866702,0.28697732731449144,李成森,2,-1.9291005387644864,140
x318,1.5005165490689993,1.7474350169683683,0.8586966236216619,0.39050791374313965,甘思陽,8,-1.941930434358686,141
x349,1.3177296368133407,1.6560070977736914,0.7957270464509932,0.42619070291779615,胡耀宇,19,-1.9446043458008315,142
x347,1.1488553471179497,1.5736583543893896,0.7300538543918754,0.4653572664922662,羽根直樹,35,-1.9512516110291478,143
x109,1.2621048272077966,1.6431125876417259,0.7681182876331257,0.4424169131035507,安祚永,18,-1.9748269704464032,144
x183,1.3985489608417825,1.727445751797583,0.8096051406456325,0.4181671526273334,曹瀟陽,9,-2.004519170199456,145
x371,1.334796492068171,1.7032042057024173,0.7836972734092613,0.4332177628007777,蘇耀国,13,-2.020515793165591,146
x386,1.3349481042592253,1.7035780906914335,0.783614271370095,0.43326647919635236,謝赫,12,-2.021100734402899,147
x185,1.1838381413843484,1.6273183015606703,0.7274779250310128,0.466933233477173,本木克弥,18,-2.021978912690172,148
x187,1.289208652126437,1.6835808039131046,0.7657539508231275,0.44382271883107605,朱元豪,14,-2.027445531582379,149
x286,1.194318216022174,1.6370802036749779,0.7295416640804308,0.46567039150595907,洪基杓,22,-2.0307297852175323,150
x341,1.2633189121431239,1.6930909465478043,0.7461612825459959,0.45556999340816423,簡靖庭,11,-2.072070252556051,151
x448,1.3032559284206326,1.717453634832918,0.7588303416106017,0.4479540527958722,陳正勲,9,-2.080127732200215,152
x488,1.565243549880991,1.8522202100862306,0.8450634224578084,0.39807542928734657,黄昕,5,-2.0836302639888835,153
x108,1.1308991640128545,1.633561612270237,0.6922904869447752,0.4887549230288472,安正己,24,-2.087217212159512,154
x38,1.118580471625433,1.64091309832985,0.6816817251102107,0.49544022555513273,兪炳龍,21,-2.1140183320843717,155
x288,1.1435565399936944,1.664978560718619,0.6868295886645686,0.49219012172698506,洪旼杓,16,-2.1364512246219847,156
x122,1.0745011700226306,1.651027212768332,0.6508076679250967,0.5151706497577074,小林光一,19,-2.1780224391309835,157
x89,1.0511117036042217,1.644321399752626,0.6392373800902624,0.5226685182600382,大西竜平,16,-2.1882014539084516,158
x174,1.0043196595768569,1.625229739524883,0.6179555020144155,0.5366046713567287,志田達哉,16,-2.1973829272871623,159
x490,0.9541985935029436,1.6023398070562436,0.5955032692197544,0.5515071144738979,黄翊祖,19,-2.2024108263978563,160
x4,1.0962412541529027,1.675974096321218,0.6540920033067126,0.5130525331366158,丁世雄,15,-2.2054277155998965,161
x104,1.0731599251128392,1.6654059223665247,0.644383396684389,0.5193268483681763,安国鉉,16,-2.2076897419492143,162
x110,1.1910814852995868,1.7315142844172184,0.6878842964327453,0.4915256463315917,安達利昌,10,-2.2200016550023336,163
x7,1.8234329856902385,2.0618584804095588,0.8843637926731225,0.37649986181930933,三村智保,3,-2.2384282207165924,164
x157,0.8992895417267533,1.593081346014232,0.5644969379477748,0.5724159834767719,張栩,30,-2.2390807099212835,165
x317,1.9441522349723255,2.124874677555963,0.9149491287686176,0.3602183368941305,王雷,2,-2.241850879812922,166
x257,0.9271485929248043,1.6096998570602081,0.5759760671272308,0.564631358431373,柳時熏,24,-2.2439601254838055,167
x335,1.0008659980939718,1.656484458412179,0.6042109197048251,0.5457034219135164,秦悦欣,20,-2.2624083849780208,168
x252,0.8896494154617443,1.6041414618006054,0.5545953624707991,0.579171461790614,林書陽,32,-2.2705092642854483,169
x64,0.9778311372779402,1.6523582502634049,0.5917791357425441,0.5539984963719888,呉柏毅,16,-2.277314615740967,170
x260,0.997331342291808,1.6671848771806828,0.5982128052758969,0.5496979482029793,柳秀沆,17,-2.287022865754137,171
x188,1.943444978773537,2.1495148121252172,0.9041319314529683,0.3659254483951478,朴勝文,10,-2.2910992011131404,172
x78,0.9707238815454687,1.6581009688977812,0.5854431664621457,0.5582497708564131,坂井秀至,14,-2.2957350271831602,173
x236,1.1459485459860232,1.7473807292457715,0.6558093075002912,0.5119468270441059,李維,10,-2.2963914906281464,174
x342,0.804858820775155,1.5805511834095975,0.5092266730893821,0.6105933488658204,結城聡,26,-2.3088270105417523,175
x116,0.8606084489732072,1.6108088950068695,0.534270981269654,0.5931540661020878,宋知勲,30,-2.312685074190326,176
x263,1.8586993608581663,2.1237696136274193,0.8751887911624696,0.3814711910309009,楊一,2,-2.32512677798785,177
x264,1.5316434669096857,1.961558585009784,0.7808298353230403,0.4349025838541708,楊冬,4,-2.332626945559589,178
x417,0.93733142990009,1.6686869695902506,0.5617179536856176,0.574308200022553,金大熙,14,-2.3499819001927036,179
x259,0.9922095294465658,1.698904780291586,0.5840289231961965,0.5592008529137049,柳珉瀅,14,-2.354632887727859,180
x219,0.8433350291194961,1.6262970337057123,0.5185614999234527,0.6040665628413464,李昌錫,24,-2.360470127280757,181
x99,2.0064655073030635,2.2192784906302707,0.9041071302111486,0.3659385979290018,孔傑,2,-2.3655131192385697,182
x24,0.7317068008229053,1.572917316193424,0.4651908865710054,0.6417947644680319,伊田篤史,46,-2.36694031207814,183
x474,0.8506916822620894,1.658280189051393,0.5129963487947844,0.6079538747478033,高根台,17,-2.4161202901691547,184
x486,0.8086585878203643,1.6412184522730995,0.4927184353188122,0.6222115497156042,黄宰淵,19,-2.4245417631576416,185
x253,0.7341762247775666,1.6034165260179807,0.4578824110044963,0.6470369241578069,林立祥,36,-2.4245543314778555,186
x394,-0.8232650247904413,0.8165120140615452,-1.0082705589294454,0.31332459271844987,趙大賢,12,-2.431793692491685,187
x150,1.2925970529882984,1.9064614064503478,0.6780085076020462,0.4977662990183462,張亜博,4,-2.463131917718887,188
x354,0.6548691080930551,1.5886331405479364,0.41222173412999796,0.6801769082772768,芝野虎丸,34,-2.4747381787863794,189
x296,0.8175269787445686,1.6749732431689184,0.4880836049642629,0.6254906234506237,湯川光久,13,-2.482170310298201,190
x23,0.907647690650777,1.7242914270434802,0.5263887974012931,0.5986180976558257,伊淩濤,10,-2.489206420624879,191
x442,0.7424016178397326,1.6424397528103347,0.4520114765667532,0.6512607146994696,閔詳然,21,-2.493204695196627,192
x201,0.6983016100209098,1.6340541183550843,0.4273430128029377,0.6691295081908749,朴河旼,23,-2.520785003138606,193
x450,1.3194922400229399,1.9546779092705315,0.6750433070148947,0.49964825091071285,陳瀟南,4,-2.5312232412400073,194
x445,0.9936480269882016,1.790750082684471,0.5548781131416437,0.578978033334457,陳昱森,7,-2.534129635900206,195
x265,0.6258925509092167,1.6064792908980043,0.3896051162659866,0.696828568303135,楊博崴,29,-2.5388716521598518,196
x205,0.6541312357736091,1.6372824489418802,0.39952253577038693,0.6895082219879103,朴硬根,22,-2.571315188641895,197
x101,0.615679805519841,1.6188216429647007,0.3803259044599185,0.7037035087263602,孫喆,23,-2.573398831120619,198
x196,0.6001493596896017,1.6192614268491605,0.37063154209595556,0.7109119855110082,朴材根,28,-2.5897956512032443,199
x68,1.1688223943640703,1.9083418396879985,0.6124806206393112,0.5402198159337902,周元俊,5,-2.5906110298212868,200
x124,0.6972202608785099,1.6699346343152233,0.41751350415246247,0.6763028488751299,小池芳弘,14,-2.59255096872248,201
x46,0.8509844094850054,1.7563536827482045,0.4845176787817883,0.6280185208873307,劉昌赫,15,-2.6090323455289575,202
x271,1.6034875507892186,2.1563192461991516,0.743622519539078,0.4571048754201774,楊潤東,2,-2.6444613642231096,203
x145,0.5819558498294409,1.6385400488888295,0.35516730288288795,0.7224642584718708,平田智也,18,-2.645968046481553,204
x195,0.618368089966622,1.6781078936793759,0.36849125869422145,0.7125069618780213,朴時烈,13,-2.6875044605817484,205
x398,0.45690318246683576,1.600841267772455,0.2854144203207662,0.7753266609831855,趙治勲,26,-2.6967541150449006,206
x163,1.5806158323114392,2.1738857943389442,0.727092396678588,0.46716935616397665,張策,2,-2.7019391825362806,207
x184,1.0245000043818506,1.915677406506429,0.534797769656951,0.5927897054915239,曺薫鉉,7,-2.7493844864358143,208
x387,0.560109210626914,1.6819030316028025,0.33302110769914417,0.7391183500583699,谷口徹,11,-2.7532397616306072,209
x191,0.5397040543145708,1.6795872800679574,0.3213313536720366,0.7479592984417014,朴承華,18,-2.769082887419305,210
x451,0.3888768428113379,1.6053701345045475,0.24223500515745786,0.8085980723932856,陳祈睿,31,-2.7737023221626207,211
x31,0.552258826152906,1.693644744973992,0.3260771350023506,0.7443659960325718,依田紀基,13,-2.784221321445858,212
x172,0.5389624040538672,1.692553756242558,0.3184314838249835,0.7501576595400508,徐奉洙,26,-2.795368495743972,213
x393,-0.01717893427786762,1.4151483876864066,-0.01213931657439335,0.9903144646087806,趙善津,19,-2.8050212580200884,214
x433,0.46842997230489164,1.6623823301018559,0.2817823335960209,0.7781104180010603,金秀勇,17,-2.8064632179957645,215
x337,0.6550237172084362,1.761580113412493,0.3718387328632696,0.7100129234272612,稲葉貴宇,7,-2.815289106214175,216
x197,0.45545273871596287,1.681770604332349,0.2708173977727327,0.786531478255839,朴正祥,16,-2.857635351818765,217
x231,0.4094498132323304,1.6643692232749971,0.24600900299433054,0.8056752632575608,李炯珍,16,-2.869357556619414,218
x249,0.35026127403311397,1.635746798345477,0.2141292737894372,0.8304462480058057,林士勛,22,-2.8721599187074753,219
x290,0.41437646864371047,1.6785135245436427,0.24687109313365344,0.8050079883576506,洪茂鎭,16,-2.892295174707266,220
x250,0.6836974679567966,1.8164458240721006,0.37639298618005934,0.7066247595106822,林子淵,6,-2.8947008054652414,221
x413,0.4073552381329565,1.6920245429459628,0.24075019468908848,0.8097487331590854,金基原,13,-2.92593311147059,222
x119,0.48293285648801637,1.7315147472794268,0.2789077351185171,0.7803156322416925,寺山怜,10,-2.9281511956524544,223
x156,1.34387880648411,2.169423237325083,0.6194636359390729,0.5356109705346068,張東岳,2,-2.9298849710463033,224
x332,1.2595702076790976,2.1279352700352487,0.5919212982724954,0.5539032910077444,石田篤司,2,-2.932462274290342,225
x361,1.0082418556813264,2.0128586682598053,0.5009004713445633,0.616441170775727,董明,3,-2.9570897207904903,226
x388,0.9394259288292965,1.9816783634208155,0.47405570256499113,0.6354601860811184,賈依凡,4,-2.9644804471097097,227
x414,1.1670335418114501,2.1054202882179536,0.5542995611575671,0.5793738505988758,金基憲,11,-2.9806444259779186,228
x115,0.29293857372639104,1.6646424452180963,0.17597687393343567,0.8603121108333399,宋相勲,16,-2.9864070433532586,229
x242,0.21644681013459063,1.6341468591313335,0.13245248364620527,0.8946264043634176,李赫,36,-3.0028225023541366,230
x300,0.18348322249315854,1.6187360509948958,0.11334968562687377,0.9097533275916494,瀬戸大樹,16,-3.0054267979667864,231
x363,0.4668184213963857,1.7645557316916964,0.2645529483780274,0.7913538706487824,蔡丞韋,8,-3.0093563700362562,232
x343,0.9410042675947882,2.0114259424175214,0.4678294376892646,0.6399065672851032,羅岩,3,-3.021504838967729,233
x149,1.1552177397168293,2.126032317324149,0.5433679113452051,0.5868765146721955,張一鳴,3,-3.0330659254117442,234
x50,1.3752907893075212,2.2398994395055136,0.6139966665696092,0.5392175299705618,加藤充志,2,-3.0373111065183407,235
x146,0.8590184763549611,1.9821696846927845,0.4333728252372601,0.6647439393196208,広瀬優一,4,-3.0458558024898243,236
x43,1.3465634530703718,2.2371522159225115,0.6019096257672852,0.5472342965148631,劉兆哲,2,-3.0606264122969753,237
x107,0.5383789869588059,1.8296464745048624,0.29425301251407143,0.7685645745662499,安斎伸彰,5,-3.0660245678157727,238
x55,0.5192634044217306,1.8240209956862798,0.284680607103626,0.7758888494297581,厳在明,6,-3.0740579570802407,239
x434,0.3820469351456181,1.7613797990139144,0.21690207606531092,0.8282846596538713,金秀壮,17,-3.087871268911793,240
x307,0.45480667912390027,1.800379387543692,0.25261713296129534,0.800564089161637,王尭,9,-3.0919407143371727,241
x374,0.5441953275003026,1.85420355509807,0.29349276459105905,0.7691455291487928,西健伸,5,-3.108585676042895,242
x141,0.1895158742649389,1.6752326015636352,0.11312809581669306,0.9099290007287925,崔顕宰,15,-3.1106923508154223,243
x408,0.8758399964266839,2.0293447503591127,0.4315875832687843,0.6660411845187804,鄭宇航,3,-3.121969161780768,244
x315,0.052525503919236806,1.6144750609578526,0.03253410671334491,0.9740461171941598,王立誠,22,-3.127990366167733,245
x316,0.01641621731474295,1.6030987510749677,0.010240303227567832,0.9918295629542268,王銘琬,25,-3.1416883223029433,246
x352,0.8251112538313268,2.0203033414196,0.40840958727096327,0.6829729959589916,舒一笑,3,-3.154886328765285,247
x390,0.26198179807171496,1.7369924476440388,0.1508249494274156,0.8801138046042862,賴均輔,9,-3.1598933237870415,248
x6,0.8397827547830757,2.033264754767382,0.4130218422436345,0.6795906109087072,丁烈,3,-3.1657488121086663,249
x159,0.18816342194339172,1.7047761841796312,0.11037426712641421,0.9121125602791121,張瑞傑,11,-3.170245660890482,250
x246,0.2627930141857971,1.7472438249582567,0.1504043170346162,0.8804456355143944,村松大樹,7,-3.1792773209819685,251
x164,0.7970443738851679,2.024876834350204,0.39362610128380704,0.6938571077923992,張維,5,-3.191962989784734,252
x62,0.887429531375035,2.0724209301185232,0.42820911450854837,0.6684988810498818,呉圭喆,12,-3.195239700958455,253
x429,0.06375777182979851,1.654318517035893,0.038540203215542676,0.9692569777497791,金東昊,21,-3.1952497067309107,254
x368,0.5229239940365105,1.8908049370900535,0.27656157638412443,0.7821167718419986,藤井秀哉,5,-3.201961732030895,255
x476,1.120952771806774,2.1991232681211845,0.5097271208286824,0.6102426498111183,髙嶋武,2,-3.211320066391959,256
x92,0.1675470837471025,1.716509696574236,0.09760916823335661,0.9222426440772589,姚智騰,11,-3.213977018504142,257
x310,-0.04226993823011377,1.6181572456232678,-0.026122268614155973,0.9791598153361719,王晨星,46,-3.2300397121079514,258
x420,0.011741805960522647,1.6490979021879222,0.00712013880130727,0.9943189991807302,金彩瑛,27,-3.236981061349684,259
x254,0.1723486358088872,1.734916409165867,0.09934117568912208,0.9208673866152707,林至涵,9,-3.245436690247871,260
x431,0.0006054127282656279,1.6504217216038932,0.0003668230491278816,0.9997073175591181,金民浩,20,-3.250725378831404,261
x90,0.726678097677149,2.023879906415891,0.35905198493918067,0.7195562002185777,大関稔,3,-3.2603653179621563,262
x239,0.5858212714912362,1.9793985450700298,0.2959592311261956,0.767261216177813,李翔宇,5,-3.3135938622967225,263
x111,0.5440426546951409,1.9607150394098718,0.27747155693714914,0.781418042992206,宋圭相,4,-3.3185659729423063,264
x65,-0.05728937982915419,1.6617680647960351,-0.034474955345941055,0.9724984132123091,呉長煜,21,-3.3309724674773435,265
x125,-0.009891402006441391,1.6868288315182143,-0.005863903806729891,0.9953213084996805,小県真樹,12,-3.3329442000973235,266
x61,-0.15232604338391428,1.6173226580720796,-0.09418407800302117,0.9249629324603323,呉侑珍,42,-3.338451679785911,267
x247,0.03190958574526298,1.7172543261239064,0.018581747187842335,0.9851747639571872,林修平,12,-3.3510814367188324,268
x370,-0.19319017944897116,1.6063012411842392,-0.12027020492528691,0.9042691057835,藤沢里菜,44,-3.3576036245819223,269
x160,0.8953827408763357,2.165360781047307,0.4135027976461601,0.6792382731298917,張璇,3,-3.370377997786859,270
x15,0.19664054791812816,1.8206404695903504,0.1080062490110268,0.9139907352164836,中野寛也,5,-3.3900211771748623,271
x215,0.37751684690757165,1.9155226411121422,0.19708294687051434,0.8437626281348243,李康,7,-3.3960627560833485,272
x8,0.14572233726431622,1.803397617588314,0.08080433058306404,0.9355975640272937,三谷哲也,5,-3.406970969384662,273
x292,-0.16210313727339257,1.648061398180054,-0.09835988965726777,0.9216465236040516,淡路修三,12,-3.408784091688099,274
x74,-0.13544781709069767,1.661659055296261,-0.08151360332252297,0.9350335069924338,唐奕,24,-3.4089161560243317,275
x344,0.9024418409285423,2.1898765881301925,0.41209712265068077,0.6802682375795521,羅洗河,2,-3.4116150376879366,276
x412,-0.08006005533978353,1.6929166682476904,-0.04729119680926312,0.9622811441628012,金侖映,16,-3.4151058917877335,277
x465,0.614498883233103,2.04779278194852,0.3000786449927779,0.7641171678458352,韓態熙,3,-3.4196528972054816,278
x355,-0.24483513409191707,1.6216256456865152,-0.15098129136226512,0.8799904740394912,芮廼偉,41,-3.439437656094352,279
x198,0.8141951598855954,2.1593776299125844,0.3770508449319055,0.706135819807016,朴永竜,2,-3.439778771042196,280
x182,-0.2123037550736169,1.6405818633243647,-0.12940759606071645,0.8970351374347822,曹又尹,30,-3.4442500258226154,281
x481,-0.24650728929939464,1.6295347702961696,-0.15127464218182451,0.8797590716729319,鶴山淳志,13,-3.4566907867828482,282
x494,-0.19205182354128847,1.659608406091569,-0.1157211682203856,0.9078735291475051,黒嘉嘉,20,-3.461480383541679,283
x382,-0.2450580833771932,1.6398156365497103,-0.14944246042976697,0.8812045093040844,謝依旻,25,-3.4754948873801226,284
x261,0.7995953098416644,2.176641208832212,0.3673528308648786,0.7133558511682768,桂篤,2,-3.4883878715577934,285
x458,0.7788496185877186,2.189361728621428,0.3557427758080597,0.7220332073591341,陳陽,2,-3.5341929867964947,286
x313,-0.30450416341352204,1.6409592892779292,-0.1855647275366063,0.8527861164284095,王爽,30,-3.5371939632910423,287
x293,-0.29453326529295154,1.6511235319281259,-0.17838354284067748,0.8584217729342164,清成哲也,13,-3.5472466231913593,288
x302,0.23163474077673016,1.9215882608106476,0.1205433783608836,0.9040527191807819,熊本秀生,4,-3.5538941330202456,289
x479,-0.3514056276117459,1.636260654831819,-0.21476139915364809,0.8299533496559522,魯佳,32,-3.5748391176304293,290
x118,-0.0042186285175190305,1.816339208227548,-0.002322599489351841,0.9981468353926574,富士田明彦,6,-3.582406868725789,291
x291,0.037358830707674824,1.8433156021554713,0.02026719171909003,0.983830227624168,洪茂鎮,5,-3.5939729055386036,292
x200,-0.2231753653840801,1.7202057995337006,-0.12973759619027947,0.8967740364725143,朴永龍,11,-3.6119807904654704,293
x407,0.2862782913715628,1.9813395618879488,0.14448724331672774,0.8851157291105278,鄭大相,14,-3.6169606455476964,294
x376,0.31992159010911986,2.0192524903011067,0.15843565460276532,0.874113520262839,許倹穎,4,-3.6580058157840605,295
x53,0.5334316011186718,2.1311535335736154,0.25030181669932966,0.8023539516536962,卞聞愷,3,-3.66494086002135,296
x285,-0.19398899914736675,1.7619758126840899,-0.11009742457920314,0.9123321106302368,沼舘沙輝哉,9,-3.6650813501350235,297
x18,0.49333178542797407,2.1181931562151406,0.2329021713531905,0.8158373723089416,井口豊秀,3,-3.679508732315853,298
x460,0.25610125727072824,2.005904369012587,0.12767371228010982,0.8984071943701355,陶然,5,-3.6955303496840677,299
x470,0.39318397973691255,2.077456130480001,0.18926222988211377,0.8498872964746975,馬暁春,3,-3.69940459730869,300
x473,-0.42309684719654983,1.6714428636119574,-0.2531327013370025,0.8001656695663832,高星,19,-3.715839288512106,301
x452,-0.1140222615762277,1.8289126408435266,-0.062344290826071735,0.9502886580747834,陳禧,7,-3.7169801640379747,302
x461,-0.43615216134751844,1.666199260858333,-0.2617647070151965,0.7935028502443111,陸敏全,21,-3.718564705238434,303
x202,-0.45276616672731645,1.6775597136796643,-0.26989570805452334,0.787240489168038,朴泰姬,19,-3.757558802676255,304
x25,-0.43207143610590115,1.696787029879386,-0.25464093518950015,0.799000439403044,佐田篤史,13,-3.7747418849682917,305
x123,-0.6198179161379139,1.6116021108116179,-0.38459735934806377,0.7005357508572578,小林覚,20,-3.794674074436801,306
x86,0.07055699300531654,1.997016782028247,0.035331196833336645,0.9718156473778354,大竹優,3,-3.86356606759033,307
x180,-0.1678706209183282,1.880590577712623,-0.08926484207025569,0.9288714344568535,星野正樹,5,-3.8726340590121953,308
x193,0.20212322109436234,2.0779378135197515,0.09727106354159482,0.9225111349556796,朴映璨,13,-3.891414271539548,309
x362,-0.07873186565178932,1.9389069032184387,-0.040606315610667215,0.9676097491819621,蒋其潤,9,-3.8983784649921134,310
x477,-0.25741124904210144,1.853069509601698,-0.13891073578639251,0.8895206872907957,髙嶋湧吾,6,-3.9079581829574463,311
x303,-0.7214665344737535,1.62197886570837,-0.44480637185039157,0.656459689231484,片岡聡,20,-3.9167648999192424,312
x478,0.6211102081556811,2.312070475010961,0.2686380951050969,0.7882081938621311,魏豪廷,2,-3.933668627615912,313
x218,-0.04671974277131581,1.9742047305116754,-0.02366509513894588,0.981119748247553,李於徳東,4,-3.9359030618793165,314
x365,-0.6661118054308088,1.6752660934168244,-0.3976155239149062,0.6909136156183266,蔡碧涵,19,-3.966386009461953,315
x334,-0.642583895041958,1.694338138833099,-0.3792536332119098,0.7044995275326721,秋山次郎,9,-3.9804300285431626,316
x428,0.14157260663827742,2.092765533376647,0.06764857523711798,0.9460653864877441,金東勉,10,-3.9811754941137165,317
x443,-0.7118631081660823,1.6599849500295567,-0.4288370856334615,0.6680417880841716,陳一鳴,23,-3.982033459724309,318
x425,-0.41927337327138803,1.8092472574718172,-0.23173912329554497,0.816740642412099,金日煥,12,-3.983490470490868,319
x155,-0.7060808869472744,1.6645828087678425,-0.4241788892857362,0.671435355487322,張子涵,22,-3.985309020219924,320
x346,0.028410360911482538,2.0479786594695097,0.013872391091634571,0.9889317883281133,羅鍾勲,12,-4.006107598243451,321
x173,-0.5233129058752282,1.7728669083687572,-0.29517890113744444,0.7678572187486212,徐能旭,15,-4.01586071536168,322
x396,-0.6479480264831587,1.7101709333448674,-0.37887910140997333,0.7047776439253253,趙恵連,15,-4.016984765172547,323
x165,-0.677093988053958,1.6997150412754922,-0.3983573549751353,0.6903667880283835,張豊猷,11,-4.025532619366678,324
x207,-0.7755744516286656,1.65129870310671,-0.46967544404263156,0.6385869144623678,朴鋕恩,26,-4.028632896748884,325
x298,-0.3396253735291559,1.8925421189952625,-0.17945459185313173,0.8575807689331932,潘善琪,4,-4.067933347949823,326
x153,-0.14482589784385422,2.0067731599972656,-0.07216854437302299,0.9424677778322655,張哲豪,5,-4.0981690230384675,327
x71,-0.855904760990226,1.6524151811435577,-0.5179719786875204,0.6044778201909069,周泓余,26,-4.111162667843034,328
x438,-0.577467861041154,1.7982581783821205,-0.32112622535697155,0.7481147369780202,鈴木伸二,7,-4.120036472453932,329
x144,-0.1690795527885161,2.0058837200429904,-0.08429180171265978,0.9328244304912209,常石隆志,4,-4.120670481273208,330
x423,-0.8279488125458482,1.6779175359784566,-0.49343832148642525,0.6217029106875132,金恵敏,19,-4.133446358423408,331
x276,-0.43583454903687335,1.8789870060519718,-0.23195186961544023,0.8165753967962489,横田茂昭,5,-4.1374389509592575,332
x233,-0.8134738805562589,1.6981687457251007,-0.47903006259187386,0.6319172420967376,李瑟娥,15,-4.158866309634707,333
x82,-0.7551541194865051,1.7294143914465425,-0.4366530793437355,0.6623629620035203,大橋拓文,12,-4.162100470636194,334
x462,-0.8400884601020494,1.6871165619830706,-0.4979433425243556,0.6185239768479751,青木喜久代,17,-4.163708087208699,335
x81,-0.7068331074417427,1.768309702234539,-0.3997224618224665,0.6893609461710691,大橋成哉,7,-4.190403220843784,336
x415,-0.861359065446495,1.6972937001671446,-0.5074896968990522,0.611811263782395,金多瑛,15,-4.20502765477577,337
x16,-0.7697655976306739,1.7446854244014094,-0.44120595430249304,0.6590639029840957,中野泰宏,9,-4.20679588370145,338
x319,-0.5103001449211985,1.879497762609601,-0.2715087802034246,0.7859997476216268,田尻悠人,6,-4.212910737262113,339
x113,-0.8799909388000287,1.6960519838203363,-0.5188466787544211,0.6038676636462057,宋慧領,17,-4.221213346926091,340
x112,-0.9865070423171542,1.6441403777988266,-0.6000138769402944,0.5484969872628108,宋容慧,27,-4.225463586580842,341
x359,-0.9253863869531572,1.6760054739834338,-0.5521380456793806,0.5808537773232443,范蔚菁,19,-4.227117170700522,342
x29,-0.3400077621776091,1.9770267110387958,-0.171979346702381,0.8634537660118633,余炳葟,6,-4.2347503829240365,343
x314,-1.0151551658201472,1.6472454486805679,-0.6162743789234807,0.537713445717897,王祥雲,31,-4.260228699720866,344
x203,-0.8821636061621689,1.7158495249865913,-0.5141264390122221,0.6071635936497575,朴炫洙,16,-4.262387170385754,345
x297,-0.8772569716599102,1.7191134678534985,-0.5102961427876321,0.6098440046380647,溝上知親,10,-4.263910503331302,346
x241,-0.002236562441217606,2.1654150219110986,-0.0010328562509203042,0.9991759000903858,李賢虎,2,-4.268104155606082,347
x167,-0.9798775609377953,1.6720601702604503,-0.586030083346321,0.5578552988584824,彦坂直人,14,-4.273836096350882,348
x485,0.1596735252680579,2.2558246870672347,0.07078277234196206,0.9435706431091477,黄孟正,2,-4.284301108254394,349
x283,-0.6543262293713737,1.853952477469436,-0.35293581541232405,0.724136559606489,河野光樹,4,-4.306612609986162,350
x228,0.1118431357327302,2.2507045590044448,0.04969249974870173,0.9603674334105989,李洪烈,3,-4.322044845506026,351
x395,-0.5439501189324969,1.9225117561985547,-0.28293721335055305,0.777224967475168,趙奕斐,5,-4.33129827864365,352
x457,-0.6544024811338889,1.8706685100617777,-0.3498227920200985,0.7264716929401023,陳鋒,9,-4.3396194459555915,353
x14,0.04212474491038465,2.2323583335993606,0.01887006412741295,0.9849447606532444,中根直行,2,-4.355621172280356,354
x132,-1.0226431065282016,1.7087570647950692,-0.5984719113075602,0.5495250956003724,山城宏,13,-4.388894524174487,355
x436,-0.6500340639531286,1.9006288475251452,-0.34200999569145424,0.7323433699049635,金起用,12,-4.394272893577664,356
x176,-0.9412940615011789,1.7594000341513272,-0.5350085502045736,0.5926439449010708,文度媛,11,-4.407312128779294,357
x336,-0.7450917040825539,1.8604907565318132,-0.40048127165732217,0.688802074949159,種村小百合,7,-4.410258494450225,358
x348,0.0724806185518758,2.275835002705308,0.031847923274629916,0.9745933287544729,胡然閔,2,-4.41091433677758,359
x22,-0.7258499175241362,1.8746109981856744,-0.38720028754053165,0.6986079372875438,仲邑信也,4,-4.418833583949914,360
x416,-0.12230278685396041,2.185719830444234,-0.05595538144937045,0.9553773518821007,金大容,3,-4.428170852829101,361
x411,-1.0944246644790812,1.701184710481415,-0.6433308844924734,0.5200094201940153,金伸英,14,-4.445758544127469,362
x127,-0.23564879386217047,2.159387902042131,-0.10912758825744909,0.913101293293386,尹春浩,3,-4.489642960885168,363
x463,-0.44840290964492296,2.060107587856453,-0.21765994761054555,0.8276940726220752,青葉かおり,3,-4.506814857722135,364
x432,-0.9972264723880838,1.7909086821227262,-0.5568270913769273,0.5776455721675362,金秀俊,8,-4.525316576169854,365
x277,-0.6809528304388303,1.9665715679866205,-0.34626394560152773,0.7291443617912524,橋本雄二郎,3,-4.555098819372473,366
x289,-0.7520739427229508,1.9384135067377894,-0.3879842665709842,0.6980276768621314,洪清泉,6,-4.570748550996396,367
x80,-0.6469780360641343,1.9992030007949089,-0.3236179796683416,0.7462272741004758,大場惇也,3,-4.585407947630105,368
x117,-0.0694810134258951,2.2974135892305436,-0.03024314548829925,0.9758731391310576,宮本千春,2,-4.595385784210066,369
x63,-1.3459208582752358,1.651932251968674,-0.8147554820551798,0.4152122879725951,呉政娥,26,-4.600227394653524,370
x190,-1.3310714130508163,1.665192486566291,-0.7993498792416192,0.42408756409331894,朴志娟,21,-4.6115006115864094,371
x282,-1.2732821865427484,1.7030552805874137,-0.7476458345518714,0.45467381055437356,汪雨博,15,-4.628301089299953,372
x487,-0.6797854910676117,2.016088487244536,-0.3371803843772254,0.7359809233754918,黄彦誠,6,-4.651479810939348,373
x232,-1.279647666497552,1.71214313818379,-0.7473952603372747,0.4548250055407452,李玟眞,13,-4.652569648719618,374
x483,-0.8336311056786286,1.9587144096217017,-0.42560115021547873,0.670398502011248,黄世元,6,-4.692298492633381,375
x151,-1.39992069776432,1.6942747782554266,-0.8262654415512226,0.40865353271016996,張佩佩,17,-4.737642010927511,376
x226,-0.8865261659444048,1.9564296824826428,-0.4531346942249584,0.6504517541419756,李沂修,5,-4.740692640435212,377
x171,-1.2821543784143776,1.762122128832637,-0.7276194750835878,0.4668465556183334,徐仲輝,13,-4.7535349722146725,378
x251,-0.5806984071527879,2.1236219641794563,-0.2734471657139613,0.7845095007452427,林庭毅,3,-4.764233676586317,379
x11,-0.7343525301641695,2.04604617290516,-0.35891298050301074,0.7196601887151057,下島陽平,3,-4.765063490787335,380
x439,-1.2688581166239898,1.7784018580351109,-0.7134822261296462,0.4755474077155234,鈴木歩,8,-4.772309776953158,381
x136,-1.1163016038199178,1.860144593422916,-0.6001155005728737,0.5484292629024037,岩丸平,5,-4.780786452863063,382
x59,-1.1063357415530457,1.865480822027598,-0.5930566149431465,0.5531432640323191,吉原由香里,6,-4.781332960947413,383
x186,-1.1211005957204965,1.8599760685542128,-0.6027500109675845,0.546675006369508,本田邦久,6,-4.785253450772296,384
x339,-1.1411038674284402,1.8556810259754366,-0.6149245756439312,0.5386045321103128,竹内康祐,5,-4.796795488600051,385
x135,-1.4520953460610866,1.7007570935831016,-0.8537934967549409,0.39321941843097735,山田規三生,16,-4.802586820419797,386
x128,-0.58900130590999,2.159670828390159,-0.2727273518571521,0.7850628077159771,尹渠,2,-4.843552837838604,387
x333,-1.4270619923030907,1.734677405838711,-0.8226670777516184,0.41069734209074776,石田芳夫,10,-4.844376481805352,388
x328,-0.5246728965923879,2.2191231913047127,-0.2364325237320022,0.8130970611800802,矢田直己,3,-4.896345583462671,389
x87,-1.5210878268222208,1.7161805343668497,-0.886321570698502,0.3754442685489273,大竹英雄,13,-4.901963479524914,390
x279,-1.4357350387847392,1.7704354062418082,-0.8109502519679301,0.4173942402369496,武宮正樹,11,-4.923492789081101,391
x134,-0.9753109275420129,2.0090842803082913,-0.4854504796545184,0.6273568319301774,山田晋次,3,-4.933206959749347,392
x177,-1.0431461828213004,1.9850380702899013,-0.5255043711423408,0.5992326154334597,方若曦,4,-4.953671181292406,393
x26,-0.5047425958825263,2.258982286643545,-0.22343804945566267,0.8231945935793444,佐藤優太,2,-4.95493770057031,394
x12,-1.1018674652296951,1.9580154692514395,-0.5627470684135838,0.5736071283373323,中小野田智己,4,-4.9591579396550305,395
x120,-0.7546418323716311,2.168503732498731,-0.3480011682996136,0.7278393060960127,小山栄美,3,-5.026594185394131,396
x139,-1.3710741469921874,1.8727052645389426,-0.7321355757120402,0.46408582164177065,崔珪昞,12,-5.060303518133905,397
x17,-0.6230697155330704,2.2580413663846524,-0.275933702902293,0.7825989872588307,久保勝昭,2,-5.0714112073108355,398
x133,-1.1364092189161468,2.0021506230624793,-0.5675942687957718,0.5703104996503952,山田拓自,4,-5.080645946349231,399
x84,-1.4152786320537736,1.8702814696838654,-0.7567195927429035,0.4492178741045297,大澤奈留美,5,-5.099733127330989,400
x304,-1.657606041613745,1.7579166664127444,-0.9429377815709,0.34571272832350913,牛栄子,14,-5.120701874446851,401
x381,-1.1330376418558008,2.050415995004921,-0.5525891548915084,0.5805447698896076,許育祺,7,-5.172357152015495,402
x369,-1.4990320320800268,1.8666609423634566,-0.803055336970859,0.42194275096771516,藤村洋輔,7,-5.176354088536036,403
x40,-1.7328647808251916,1.7764501531997487,-0.9754649055049188,0.32932970168614356,六浦雄太,18,-5.232471582628697,404
x45,-1.5222320212891862,1.9017778837877457,-0.8004257669972358,0.4234641569760441,劉慧玲,5,-5.268734452351046,405
x258,-1.1868427321927535,2.0836615043971745,-0.5695947876793548,0.5689525645268769,柳澤理志,3,-5.291655895855188,406
x222,-1.858057643816755,1.7441352633176974,-1.0653173999144736,0.2867323214241888,李映周,13,-5.294004112552619,407
x444,-1.061253198529803,2.1501407612517562,-0.4935738244002076,0.6216071906486759,陳文政,2,-5.297030498195763,408
x422,-1.8247885120021397,1.7655696791404798,-1.0335409208491215,0.30135083079422675,金恩善,9,-5.302960779908885,409
x10,-1.0570853291104836,2.1574462342472263,-0.4899706478568726,0.6241546692868221,下地玄昭,2,-5.307254410577519,410
x484,-1.3071900641798393,2.0361993430060865,-0.6419754866682186,0.5208890994255593,黄元俊,6,-5.31850276990183,411
x299,-1.809334281539814,1.7853807306004965,-1.0134164946046331,0.310861264013382,潘陽,12,-5.326534320822792,412
x42,-1.6996179184992841,1.857490128910413,-0.9150077796086403,0.36018754603824243,内田修平,15,-5.358873472452798,413
x325,-1.4281396393944399,2.0068116690486275,-0.7116460709397212,0.47668397044720745,白賛僖,9,-5.381558627420236,414
x240,-1.9649956618836006,1.7438022930925428,-1.1268454397997052,0.2598078347402761,李裕眞,13,-5.40028617927591,415
x389,-1.747368398581494,1.872731824389755,-0.9330585275608739,0.3507897504471036,賈罡璐,7,-5.4366500926293115,416
x85,-1.5614336445693902,1.9945855894125648,-0.7828361203738846,0.43372335352988794,大矢浩一,4,-5.490767255712143,417
x331,-1.4059116754279417,2.092556935739167,-0.6718630453566715,0.501670888309317,石井邦生,3,-5.5282488388341005,418
x435,-2.0695338245335644,1.7594150701715985,-1.1762624179021721,0.2394900287985735,金美里,11,-5.535581512771613,419
x170,-1.5661297209552507,2.021207489171165,-0.7748485642102347,0.4384291486599526,後藤俊午,4,-5.547908474622446,420
x273,-1.0996892816886137,2.2702648165125447,-0.48438810912724073,0.628110455717019,榊原史子,2,-5.5721109702183265,421
x95,-1.975499653243452,1.8272266632825012,-1.0811464680000824,0.27963196600155826,姜多情,8,-5.575136179909979,422
x329,-2.0405462524841322,1.800256740773753,-1.1334751351116188,0.2570147772662841,知念かおり,10,-5.587052031808426,423
x482,-1.810720092960942,1.9173647510636105,-0.9443795667759564,0.34497571929558135,鶴田和志,9,-5.587928652556254,424
x475,-1.5733717577214625,2.0559415123883786,-0.765280407171546,0.44410458840647976,高詠梅,3,-5.623576537126568,425
x60,-2.0593036620052345,1.8200346848151503,-1.131463965597109,0.25785986186027976,向井千瑛,10,-5.644771991091081,426
x441,-1.3651389887414838,2.182492238672597,-0.6254954609010515,0.5316459265955752,長島梢恵,2,-5.6646486989265,427
x83,-1.8759260947348952,1.9353511175681857,-0.9692949655006481,0.33239804047967714,大淵浩太郎,7,-5.688567796344222,428
x230,-1.397920661928486,2.1863314229069197,-0.6393910123973006,0.5225685943040198,李源鯤,2,-5.704993565055118,429
x142,-2.2101488090178494,1.7769232734108666,-1.2438065515205905,0.21357076858039625,工藤紀夫,9,-5.710687657637257,430
x295,-1.7752276181009847,2.072159318112929,-0.8567042131285766,0.3916083743311596,渡辺貢規,3,-5.8573814747834545,431
x409,-2.339837332522438,1.8098682136427187,-1.2928219385725614,0.19607265084474443,鄭岩,10,-5.905277713398593,432
x2,-2.1414910423604403,1.9296393429391128,-1.1097882359190747,0.26709028980969557,マイケル・レドモンド,6,-5.942880547950493,433
x91,-2.4005564134409423,1.8117028109456104,-1.3250277026329624,0.18516196324954065,奥田あや,9,-5.969610951003794,434
x266,-1.7733537081146808,2.1399227518078616,-0.8286998708792204,0.40727425886271285,楊子萱,3,-5.989001529176168,435
x9,-1.9414077900938376,2.067674247028681,-0.9389330997780272,0.347765093646046,上野愛咲美,5,-6.014726056740338,436
x194,-2.4052203179099036,1.8383656743805523,-1.3083470559905641,0.19075562143527777,朴昭炫,8,-6.026800696439592,437
x424,-2.521503162652113,1.7975425888714807,-1.402750164731921,0.16069135250857455,金恵臨,12,-6.06266206272893,438
x214,-2.2852012833329787,1.955590312433949,-1.1685480689913994,0.24258576157115733,李小渓,6,-6.137714198827858,439
x373,-2.645804781517251,1.7920954785345842,-1.4763748992217502,0.13984327724585005,袁亭昱,13,-6.176232874230381,440
x493,-2.6454087367315458,1.8480957545240029,-1.4314240646112515,0.1523087155858404,黎春華,9,-6.286157373143832,441
x96,-1.9847336587297213,2.2128700637756973,-0.8969047443044534,0.36976974829285114,姜旼侯,5,-6.344087684367844,442
x238,-1.5948774502248741,2.4109803020642895,-0.6615057986410485,0.5082879971629892,李羿蓉,2,-6.3445086452915245,443
x275,-2.3720107175880107,2.0488990254081876,-1.1577001541671639,0.24698642103314922,横塚力,5,-6.40834179764214,444
x1,-2.082574803096393,2.2179189553508882,-0.9389769621978442,0.34774257264429315,Ali Jabarin,8,-6.451875145137643,445
x88,-2.243127573830424,2.140190148980714,-1.0480973267252607,0.2945937678382176,大西研也,4,-6.459302167322431,446
x213,-1.5945755975506621,2.480357498613244,-0.6428813582083154,0.520301086460948,李多慧,2,-6.480879869818753,447
x235,-2.0575019172611952,2.2490411052709067,-0.914835176840114,0.36027816475787283,李立言,5,-6.488112894644882,448
x400,-2.3281497389141825,2.125014448951962,-1.0955924276479179,0.2732571770120097,趙貫汝,3,-6.5144282033495475,449
x375,-2.262333699507317,2.1682337809545316,-1.0433993416112903,0.2967633783458186,西山静佳,3,-6.533754247987744,450
x121,-2.1864673475174814,2.234141166191486,-0.9786612326045298,0.32774739315422985,小山空也,7,-6.5877254449147085,451
x209,-1.8555544294410307,2.4213357073223114,-0.7663350537596612,0.44347696589435814,朴鐘勲,4,-6.625585772865985,452
x224,-2.368429211234213,2.1809077432590267,-1.08598321893936,0.2774864166364826,李東徽,6,-6.664817465454496,453
x208,-2.5326429701052193,2.10296827411937,-1.2043182016931653,0.22846661419036318,朴鎭鍈,11,-6.675490470120378,454
x330,-2.8000189635035433,1.9892349968970617,-1.4075858145825884,0.15925375031459157,石井茜,6,-6.718811907390755,455
x480,-0.5914356220680147,3.1188868157079916,-0.1896303575651744,0.8495987969219617,魯俊仁,2,-6.735642649012758,456
x403,-1.7128893115254815,2.5501980107189874,-0.6716691426806344,0.5017943499081673,遠藤隆博,2,-6.736779392641886,457
x322,-1.8187457212340015,2.50266304887729,-0.7267241677020413,0.46739494539482435,畠中星信,4,-6.748991927522262,458
x391,-2.605766244947362,2.1127218041958096,-1.2333693152465124,0.21743800775139133,趙一方,4,-6.767828199213107,459
x70,-2.3317085950986267,2.329464178632828,-1.0009634904397269,0.3168444595281128,周平強,5,-6.920753027005297,460
x51,-3.321560740826751,1.827923784101308,-1.817122119486937,0.06919841653111886,加藤啓子,12,-6.922570595506327,461
x308,-2.324694940584111,2.336107882425507,-0.9951145484644544,0.31968055560458264,王思尹,3,-6.92682746896236,462
x269,-2.41866570409077,2.3223093906983294,-1.0414915918517926,0.2976474534999867,楊梓,2,-6.993615203766479,463
x274,-3.1875767737169376,1.938552170114506,-1.6443079649121097,0.10011260492795662,権周利,11,-7.006524548842515,464
x418,-3.0024672831615473,2.038164663043167,-1.473123019745906,0.1407178673521937,金娜賢,6,-7.017651669356587,465
x154,-3.0899630096000594,2.005358898077103,-1.5408528680641458,0.12335259899462132,張天歌,10,-7.040520038811953,466
x262,-1.701194553752931,2.7401638230222845,-0.6208368052522442,0.5347070041583104,桒原駿,2,-7.099317285106831,467
x69,-2.327656466615548,2.4296035624275985,-0.958039617084613,0.3380427818284734,周尹南,3,-7.113975484597917,468
x126,-2.4095552453945683,2.3893989221210594,-1.0084357296250959,0.3132453274485886,小野田拓弥,2,-7.116671121973056,469
x13,-2.6732532671380542,2.264522137007595,-1.1804933250379122,0.23780406370419346,中島美絵子,2,-7.134361877043016,470
x491,-2.3800435076714677,2.454913280380405,-0.9695020702738079,0.3322947477782229,黄道隆,4,-7.216222670020866,471
x39,-2.8973395175193826,2.266077239461309,-1.278570503716871,0.20104834246562153,八幡直樹,3,-7.361511679258162,472
x41,-3.025304390182908,2.2833952070438124,-1.3249149253052892,0.1851993699363223,内海晃希,4,-7.523592948059218,473
x356,-2.989944074014089,2.3186168578436757,-1.2895377965960062,0.1972111850445326,苑田勇一,4,-7.55761928396613,474
x166,-3.506467326303091,2.06665427653692,-1.6966879105579562,0.08975567949320876,張越然,5,-7.577776251080823,475
x32,-3.3225023912740395,2.2504603930689537,-1.4763656367856097,0.13984576241607807,倉橋正行,4,-7.755909365619878,476
x152,-2.918725595129309,2.4896575959276723,-1.1723401643276017,0.24106051226006817,張原栄,3,-7.823351059106823,477
x54,-3.6042940598088578,2.160479908415712,-1.6682839982769846,0.09525936293486206,原正和,6,-7.860439479387811,478
x44,-3.352536225111334,2.3528925510571304,-1.4248573414901902,0.1541984428718012,劉建昌,4,-7.987734550693881,479
x437,0.0,105.04361107323494,,,金鐘秀,13,-206.93591381427282,480
x495,0.0,105.04361107323494,,,黒瀧正憲,2,-206.93591381427282,481
x489,-15.009159696988707,630.2784159246622,-0.023813539092829676,0.9810013404780702,黄祥任,6,-1256.6576390685732,482
x456,-15.474780623090952,737.7332341469508,-0.020976119695874366,0.9832647052063581,陳逸達,4,-1468.8092518925841,483
x267,-30.139991875067167,745.4369151825993,-0.04043265266475862,0.9677481984634544,楊孟允,4,-1498.6507147847876,484
x472,-15.32804299387948,771.2350623214177,-0.019874670827000614,0.9841433509057481,高昀,4,-1534.6611157670723,485
x326,-44.01404329478637,905.9460557961734,-0.04858351445230971,0.9612512080109868,盧奕銓,6,-1828.727773213248,486
x268,-29.485856861708516,944.775276267184,-0.03120938661541548,0.975102554125522,楊志徳,4,-1890.693151108061,487
x179,-58.053357991664285,1020.6549735146159,-0.056878533390924545,0.9546419544967567,星合志保,7,-2068.7436558154577,488
x372,-58.38845733671565,1020.6562236880383,-0.05720678126640413,0.9543804763394895,蘇聖芳,10,-2069.081218002151,489
x27,-58.68919881321114,1020.6563417008882,-0.05750142963439353,0.9541457673111944,余承叡,4,-2069.382191963961,490
x36,-59.02429815826254,1020.6553543597698,-0.05782980308302691,0.9538841984697549,兪俐均,9,-2069.715346247009,491
x392,-44.16398130076333,1083.6813120865295,-0.040753661439200804,0.9674922814570112,趙佩哲,4,-2179.016166111226,492
x49,-20.323222438862697,4164.43432838249,-0.004880188000648926,0.9961061887964601,劉耀文,4,-8224.258849352369,493
x294,-19.131628091360735,5021.736738269867,-0.0038097632529323178,0.9969602560734635,渡辺由宇,3,-9911.953002482998,494
x340,-21.06746846704146,31833.531943245776,-0.0006618011631446197,0.9994719591081508,簡意弘,2,-62733.12539666122,495
