term,estimate,std_error,statistic,p_value,name,n,estimate_for_ranking,Rank
x212,5.616186558242221,0.7081297077100634,7.9310139047883474,2.1736387717569457e-15,朴廷桓,73,4.2211710340533966,1
x282,5.323723808124618,0.6876158794030388,7.742293288436659,9.763943694715027e-15,柯潔,92,3.9691205257006317,2
x352,5.074753837107171,0.7095084312076574,7.152492646873006,8.521609772208792e-13,申眞諝,62,3.677022227628086,3
x433,4.897409116063904,0.703775706794594,6.958764090294574,3.4327076951899784e-12,辜梓豪,59,3.5109709736785537,4
x247,4.863894189063368,0.7196756593779816,6.758453097145525,1.3947278400686445e-11,李欽誠,49,3.446133140088744,5
x451,4.794302020442562,0.7121149165281948,6.732483633142294,1.6679115450359254e-11,金志錫,56,3.3914356348820185,6
x86,4.683961470972186,0.7063274478166909,6.631430628174862,3.324487788444965e-11,唐韋星,54,3.292496398773305,7
x389,4.687898793358662,0.7207596166198955,6.504108561663358,7.815544198016118e-11,范廷鈺,44,3.268002348617468,8
x384,4.597118185736314,0.7037815488681821,6.532024309431494,6.488662035137241e-11,芈昱廷,57,3.2106685344659955,9
x494,4.577479307403222,0.7024732223268509,6.516233162939534,7.20948821911443e-11,陳耀燁,57,3.193607059419326,10
x180,4.934984734716395,0.8926606894487619,5.528399304514977,3.231658283173526e-8,張涛,14,3.1764431765023344,11
x229,4.580856919153947,0.7173739405264042,6.385591475197085,1.7073624440758927e-10,李世乭,44,3.167630256316931,12
x202,4.5891007025640755,0.7246134215056541,6.3331709934774745,2.4017313261283876e-10,時越,41,3.161612262197937,13
x296,4.536200393472877,0.714163743148166,6.351765175695515,2.128580900933454e-10,楊鼎新,47,3.1292978194709904,14
x392,4.527742687984598,0.716092600679437,6.322845234943949,2.567904636003875e-10,范蘊若,45,3.117040264646107,15
x305,4.5369471319638,0.7222233209276335,6.281917241520923,3.3442286790307345e-10,江維傑,45,3.1141671897363623,16
x60,4.530961049165995,0.7196451035009338,6.2961048815919805,3.0521789801194865e-10,卞相壹,46,3.113260195269156,17
x409,4.519898452758247,0.7189239698376395,6.287032624296854,3.2359139456651815e-10,許嘉陽,45,3.103618232178097,18
x300,4.484528798887196,0.7127790667266051,6.291611255479379,3.1418750849843506e-10,檀嘯,51,3.0803540374357836,19
x435,4.464328976522516,0.7131929614653725,6.259636897354984,3.858748679783944e-10,連笑,47,3.059338842435732,20
x418,4.4805020007599135,0.7229266803788503,6.1977267160922915,5.728449051673563e-10,謝科,45,3.0563364404135784,21
x281,4.428244301605374,0.7090044707840333,6.245721267044368,4.2184887605508986e-10,柁嘉熹,52,3.0315054941608284,22
x459,4.463969217986444,0.7405747925886712,6.027708831923225,1.6630029971747262e-9,金明訓,36,3.0050368765867614,23
x417,4.423143534634051,0.7211843189996017,6.133166540239895,8.614688110222045e-10,謝爾豪,46,3.002410426204836,24
x376,4.475934082490567,0.7611097573710247,5.880799765267817,4.082888467581185e-9,羅玄,28,2.9765478604696485,25
x154,4.349625975374099,0.7115771586458539,6.112655419760139,9.798679920035102e-10,崔哲瀚,48,2.947818972841767,26
x12,4.36591695148021,0.7199810862448922,6.063932837806798,1.3283264172135169e-9,丁浩,43,2.947554211577772,27
x428,4.363289373124625,0.7194759774752301,6.064537955021359,1.323335266625636e-9,趙晨宇,44,2.945921697498422,28
x110,4.450647887229944,0.7764644423077695,5.731940375790998,9.928817738271176e-9,姜昇旼,26,2.921012935883638,29
x390,4.327476540460193,0.7140912950067724,6.060116641555127,1.3602287260675456e-9,范胤,48,2.9207166892968512,30
x119,4.316816445978423,0.7250842485900936,5.953537750092289,2.6240729279833817e-9,安成浚,42,2.888400476255939,31
x351,4.221726587617948,0.6953782668563528,6.071122421906303,1.2701930866223048e-9,申旻埈,62,2.851831401910933,32
x238,4.305115965564294,0.770612552066554,5.58661541914838,2.3153768561494884e-8,李志賢,26,2.787009237993183,33
x503,4.256144110938867,0.7470199679755801,5.697497113059766,1.2157903990419238e-8,韓一洲,34,2.784514774026974,34
x342,5.5422218924280555,1.4037343131675648,3.9481986302107845,7.874146070970247e-5,王檄,4,2.7768652954879527,35
x245,4.181368611852171,0.7227135647863926,5.785651211746702,7.223195066775745e-9,李東勲,43,2.7576228892229775,36
x142,4.223348883807584,0.7489506606760359,5.639021507765817,1.7101917690084892e-8,尹峻相,35,2.7479160822757933,37
x224,4.254901788404677,0.7776462291733947,5.471513432177842,4.462085163304173e-8,朴進率,25,2.7229387169330894,38
x260,4.050623975388,0.7056177885816433,5.740535515027373,9.437762489253061e-9,李軒豪,53,2.6605569318821622,39
x117,4.103413979661774,0.7346133280787023,5.585814771961444,2.3260705665596195e-8,安国鉉,38,2.65622572334673,40
x431,4.180643739142944,0.7781444144245937,5.372580798172741,7.761763100755443e-8,趙漢乗,24,2.6476992427264943,41
x218,4.047808449190803,0.7136812153029356,5.671731807418573,1.4136115725559385e-8,朴永訓,48,2.6418564550440196,42
x244,4.128531937919293,0.7596805149455135,5.434563420670864,5.493075761232895e-8,李映九,31,2.6319613234766317,43
x169,4.035661098036827,0.7141913081310263,5.650672378802516,1.598214444764682e-8,廖元赫,47,2.628704221018705,44
x82,4.007708040716594,0.7009197781298361,5.717784211211428,1.0792207155214503e-8,周睿羊,58,2.626896077800817,45
x371,4.001399401550945,0.7089031985853271,5.644493365999838,1.6566836908353116e-8,童夢成,49,2.6048601003378504,46
x189,4.083086982572176,0.750837593043445,5.438042820980489,5.386902963120203e-8,彭立尭,32,2.6039369242765895,47
x399,4.076622144001485,0.7505541372942279,5.431483142172582,5.588759626917744e-8,蔡競,32,2.598030493531856,48
x42,3.9946027022052526,0.7174199510061318,5.568011729535956,2.5766248374968724e-8,党毅飛,44,2.581285398723173,49
x22,3.909314894479213,0.7066458958852276,5.532211985158346,3.162174070560278e-8,井山裕太,61,2.517222479585315,50
x499,3.9403613961836497,0.743654180301516,5.29864754419322,1.1666358426869998e-7,陶欣然,35,2.4753626609896635,51
x230,3.9724608431041717,0.7656678097982111,5.188230185817918,2.1230208105423025e-7,李元栄,25,2.464095257801696,52
x115,3.960549963717742,0.7596780794848689,5.2134582669587575,1.8535224411809091e-7,孫騰宇,28,2.4639841471325505,53
x487,3.88215096649552,0.7304294515627292,5.314888327941581,1.0672275618639469e-7,陳梓健,37,2.4432049469169432,54
x197,3.8968959181675187,0.7574243176003481,5.14493108765449,2.676190318293145e-7,戎毅,29,2.404770012494833,55
x531,3.8478260601019803,0.7338667506055553,5.243221684218449,1.5779675877398746e-7,黄雲嵩,36,2.4021085614090363,56
x41,3.913257346876443,0.76729213500132,5.100087917452341,3.3949575006592715e-7,元晟溱,27,2.4016918409238426,57
x243,3.8894263627336785,0.7643438809762708,5.08858180138218,3.6075116621334245e-7,李昌鎬,27,2.383668917210425,58
x40,3.8583205678072114,0.7595277460196295,5.079894168484394,3.776451896203746e-7,偰玹準,30,2.3620509081485412,59
x4,3.715884533757333,0.6877814570618275,5.402711130991275,6.564112419565271e-8,DeepZenGo,128,2.360955063345533,60
x66,3.7909605820021888,0.7429631872034622,5.102487777720843,3.3521740241408524e-7,古霊益,33,2.327323103211368,61
x112,3.7493352752158002,0.7219177722312068,5.193576636336098,2.0629196606505881e-7,姜東潤,42,2.3271572639203226,62
x232,3.8251045527203145,0.7635976142157246,5.009319675060799,5.462277876042456e-7,李喆,28,2.320817252715337,63
x294,3.822381819436896,0.7819076701441088,4.888533474460502,1.0158992526017063e-6,楊楷文,25,2.282023709253002,64
x204,4.160737710753055,0.9539686397492708,4.361503656814768,1.2917163705062793e-5,曹瀟陽,11,2.281419490446991,65
x505,3.783398043943765,0.76585558567967,4.9400932952472125,7.808520069166543e-7,韓態熙,26,2.2746625401548153,66
x284,3.8822707149650983,0.8171210780636124,4.751157226497179,2.022557864041671e-6,柳珉瀅,18,2.272542191179782,67
x343,3.739743281642422,0.7486040568873387,4.995622515314842,5.864627756425756e-7,王沢錦,32,2.264993289574365,68
x64,3.7069896810531335,0.7340696466033725,5.049915492631817,4.420055569032786e-7,古力,38,2.2608724772444897,69
x113,3.6727052530812307,0.7258329176905621,5.05998717276003,4.1928468369740863e-7,孟泰齢,41,2.242814405230823,70
x106,3.786892886634975,0.798126171130053,4.744729622477082,2.087850205829419e-6,姜儒澤,21,2.214584329508771,71
x91,3.7618481533294053,0.8021327490021801,4.689807463925377,2.7346223996610665e-6,夏晨琨,20,2.1816466377951107,72
x316,3.6904442092960372,0.7676974909215941,4.807159399291233,1.5308992760535453e-6,洪性志,28,2.178080152180497,73
x3,4.863719615224385,1.372130937096448,3.5446468582046924,0.0003931394259715523,CGI,4,2.160621669144382,74
x231,3.8479105765054014,0.8630876324100706,4.458308092957565,8.26091091771646e-6,李元道,18,2.1476279406575625,75
x256,3.536430374692135,0.7241929627894427,4.883270835814989,1.0434039886198035e-6,李維清,41,2.1097702379969325,76
x129,3.5881751761270926,0.7546896095549631,4.754504541599589,1.989336700106353e-6,宋知勲,31,2.1014366453038154,77
x221,3.7344108293710745,0.8525575059425857,4.380245090027468,1.1854589746911096e-5,朴滄溟,18,2.0548725426641807,78
x506,3.544940467121009,0.7614442039647085,4.65554855978037,3.2311923611802666e-6,韓昇周,29,2.044895385310533,79
x337,3.611876456958117,0.7972831290290148,4.530230636332296,5.891933118853824e-6,王昊洋,20,2.041228692770958,80
x315,3.543973103846238,0.7654926852782639,4.629662924287735,3.662614535017378e-6,洪基杓,30,2.0359525138480583,81
x458,3.6396117481836927,0.815367938818669,4.4637660802028565,8.05314816702146e-6,金昇宰,19,2.0333369087109148,82
x375,4.38767224303567,1.1952503512570585,3.6709231989943403,0.00024167595746052412,絶芸,5,2.033029051059265,83
x412,3.5294246544754073,0.7785093467275902,4.533567476499926,5.799572744046909e-6,許映皓,24,1.9957612414220547,84
x411,3.538739040090038,0.783989673494945,4.513757208452383,6.3689124861780225e-6,許家元,35,1.9942793833049965,85
x116,3.514490264722022,0.7749997530557008,4.534827592995928,5.765055775979884e-6,安冬旭,25,1.9877407512022915,86
x171,3.480997225334471,0.7588105000702604,4.587439452949262,4.487155038810265e-6,廖行文,30,1.986140540196058,87
x55,3.528692167832745,0.7875925517976491,4.480352384971955,7.4519903878565425e-6,劉星,23,1.9771348407913762,88
x127,4.859860897702247,1.468765337165725,3.3088069106262514,0.0009369443043504438,宋泰坤,5,1.9663931834857689,89
x33,4.003075363924425,1.0683727635341291,3.7468901310086107,0.00017904045714934577,何暘,8,1.8983810197621902,90
x147,3.9373119473935843,1.038720913707138,3.790538820809464,0.00015032083500079,屠暁宇,8,1.8910317473905223,91
x226,3.432918285193573,0.7884481084609742,4.354019304954033,1.3366392827963093e-5,朴鍵昊,25,1.879675511525454,92
x286,3.5340914184471326,0.8470170851357294,4.172396850626473,3.014120639911227e-5,柳秀沆,15,1.8654677607297458,93
x121,3.396652136253106,0.779314871201844,4.358510612039081,1.3095057374736961e-5,安正己,28,1.8614018399854735,94
x381,3.524055303902746,0.8500916568991365,4.145500400224344,3.390724083908169e-5,胡耀宇,15,1.849374739811447,95
x228,3.5091783798671763,0.8454351541676065,4.1507362954669444,3.3140742413110234e-5,朴鐘勲,19,1.8436711261569916,96
x27,3.55074586370433,0.8679270265758093,4.091064980097366,4.2939678730379886e-5,伊淩濤,15,1.8409296213499855,97
x242,3.295559494807073,0.7420972042826376,4.440873076718822,8.959462985681387e-6,李昌錫,35,1.833628002370277,98
x122,3.3351657236411576,0.7699258005418419,4.331801481771368,1.4789426131548837e-5,安祚永,27,1.818411896573729,99
x223,3.4171536535888083,0.817028064608254,4.182418942031391,2.884238634227148e-5,朴珉奎,19,1.807608366310548,100
x385,3.1753575494837287,0.7025056473740621,4.52004558447763,6.182631741716979e-6,芝野虎丸,57,1.7914214241568265,101
x397,4.491895007945284,1.382745583741212,3.248533252076519,0.0011600164961308172,蔡文馳,5,1.7678862079750965,102
x9,3.113059911898328,0.6954933447475201,4.476045580318874,7.603825799609725e-6,一力遼,64,1.7429380227457136,103
x335,3.1371662752827407,0.7106619907364112,4.414428119381911,1.0127735920924543e-5,王元均,53,1.7371621535320105,104
x356,3.2857288005789598,0.7864720878878939,4.177807262560242,2.9433290083786186e-5,白洪淅,23,1.736378787439809,105
x56,3.244142488454748,0.7877946777445826,4.118005084449883,3.821662665367618e-5,劉曦,24,1.6921869732979202,106
x361,3.2722264334656104,0.8155980720192922,4.012057587831337,6.0191811265107386e-5,睦鎮碩,20,1.6654982315876046,107
x476,3.2238398536969823,0.7980804133931337,4.039492511776406,5.3566978064278475e-5,鐘文靖,22,1.6516214393125088,108
x177,3.5280831226514975,0.9558546568158591,3.6910246735672554,0.00022335246798433066,張強,9,1.645049448724255,109
x489,3.2408311346205196,0.8516303109936079,3.805443621234431,0.00014155025563865542,陳正勲,17,1.5631194219631122,110
x449,3.1885394548572696,0.8256359441063363,3.8619193818027466,0.00011249969269452198,金庭賢,19,1.5620366449677872,111
x496,3.1922839262732747,0.8292710246940377,3.84950617013428,0.00011835620237687416,陳賢,20,1.5586200076260206,112
x333,3.2200539673175768,0.8450827891004276,3.810341435003374,0.0001387749979518319,牛雨田,17,1.5552408727897344,113
x10,3.1383223181208657,0.8064068233185607,3.891735817916203,9.952958610707973e-5,丁世雄,21,1.549700876183301,114
x303,3.5621180761759175,1.0285477305840125,3.4632501441166332,0.0005336919946345241,毛睿龍,9,1.5358790469254129,115
x395,3.0727956243456562,0.7849761479648675,3.91450827176367,9.05886323887751e-5,蒋其潤,27,1.5263926128548673,116
x184,3.2244466856860754,0.8623507330481794,3.7391360175325854,0.0001846538007903004,張立,15,1.525615741581162,117
x146,3.0847660716316465,0.8121858819363371,3.7981035379207007,0.00014580741935977032,尹燦熙,23,1.4847598842170624,118
x186,4.440982439885749,1.5083517023895576,2.944261893860872,0.0032372593474345466,張維,3,1.4695295861783206,119
x148,2.8788542265653545,0.7263096515164351,3.9636733734085743,7.380521784464014e-5,山下敬吾,41,1.4480242130779772,120
x419,3.008564690439067,0.8103662751011905,3.7125985901417073,0.0002051421090099003,謝赫,26,1.4121431284897217,121
x334,3.7923820673045356,1.2102002549430861,3.1336814314940673,0.0017262816085888166,王世一,5,1.4082875650666562,122
x438,2.958895779372004,0.7915576190585172,3.7380674610792455,0.00018544019402720239,鄔光亜,25,1.3995272698267252,123
x508,3.0124615241191113,0.8240535301374787,3.6556624223386742,0.0002565187330048074,韓雄奎,19,1.3890760697482782,124
x219,3.007279888545187,0.8248942739132656,3.645654944698271,0.00026671165474130765,朴河旼,20,1.3822381689360534,125
x466,2.972638736640177,0.8215537876562152,3.618312983646176,0.0002965296605338829,金炯佑,20,1.3541777749574333,126
x160,2.732915573901843,0.6999018502867251,3.9047126004628563,9.43374284644606e-5,崔精,52,1.3541089288369947,127
x467,2.9675592711730276,0.833280334893534,3.5612976172684845,0.00036902649767780966,金眞輝,19,1.3259970114327657,128
x195,2.8913457597853287,0.7961316661571783,3.631743193612019,0.0002815131921622303,志田達哉,26,1.3229663774556875,129
x156,2.9576962060035,0.8341287125805623,3.5458510915578128,0.0003913472820558792,崔宰栄,19,1.3144626422197923,130
x241,2.985189332893619,0.8500973183114029,3.5115854015670487,0.00044544231727742725,李昊承,16,1.3104976158201553,131
x254,3.9939218435136428,1.370819427595052,2.913528771999189,0.003573689033138236,李立言,4,1.2934075711513904,132
x210,2.966287740619728,0.8575395146769734,3.459068287642814,0.0005420474582355682,朴埈奭,16,1.2769348967060905,133
x128,2.9138496088044867,0.8341571100441043,3.493166423589464,0.0004773289284604583,宋相勲,19,1.2705601020176012,134
x249,2.958717345850578,0.8645593762107052,3.4222257340130877,0.0006211072463019542,李泰賢,17,1.2555353747154887,135
x251,2.93452702874727,0.8548175609846805,3.4329278698567363,0.0005971009249271039,李炯珍,16,1.2505364336074494,136
x214,2.9223746031714404,0.8511376484857225,3.433492348001173,0.0005958590222374749,朴材根,17,1.245633435654567,137
x87,3.348437500038316,1.0719231062780608,3.1237665093952356,0.0017855208384691015,国宇征,7,1.2367489806705367,138
x257,2.749846744919517,0.7906377628732362,3.4780108844363444,0.0005051494123513065,李翔宇,28,1.1922903520592418,139
x382,2.932387253540671,0.8865707250660825,3.307561563486206,0.0009411202357125645,胡躍峰,15,1.1858429251604885,140
x383,2.985063951195545,0.9249132208293657,3.2273989429179646,0.0012492115823417498,胡鈺函,14,1.1629849061616944,141
x493,3.7099590437761947,1.2994789161711775,2.8549590128844304,0.0043042383370760435,陳翰祺,4,1.149985578918975,142
x43,3.8606550709182357,1.385314973357301,2.786842808435085,0.0053224289809263746,全勇洙,4,1.131584573404353,143
x261,2.6984698977581547,0.7964165282230677,3.3882645602281403,0.000703363852644795,李銘,25,1.1295293371587112,144
x414,2.6302640989826034,0.7768099329955799,3.3859815474290156,0.0007092415253411309,許皓鋐,28,1.099948530981311,145
x46,2.769409682057524,0.8479918845865911,3.2658445586512337,0.001091381402381187,兪炳龍,17,1.0988656694219392,146
x338,3.962087914715109,1.4539568417220425,2.72503818615584,0.006429405055343871,王星昊,3,1.0977929365226853,147
x527,2.83730698528469,0.8887449625026157,3.192487276996903,0.0014105315857844871,黄昕,14,1.0864794091545373,148
x464,2.6470536748751274,0.8061559676329679,3.283550306831315,0.0010250834748149118,金民浩,23,1.0589264186381806,149
x423,3.0013508553303576,0.9923148547967607,3.0245953094646296,0.0024896601367443436,趙中暄,9,1.046490591380739,150
x269,2.4363966299553277,0.7088151464968712,3.437280709923546,0.0005875862985591655,林君諺,57,1.0400307913564915,151
x518,2.67044758588435,0.8303626350953074,3.216001627503195,0.0012999009493361035,魏太雄,19,1.0346331947465945,152
x366,3.1960050359761194,1.108800062197397,2.882399762534593,0.003946586807008972,秋山次郎,8,1.0116689134472474,153
x512,2.786332039170266,0.9010462375354545,3.092329697520799,0.001985921472868803,馬逸超,18,1.0112709512254205,154
x159,3.7525044602932933,1.3956951077525603,2.6886276518772223,0.007174639812434038,崔燦,4,1.0029850980207495,155
x450,2.421780375417525,0.733556948009315,3.301421085288081,0.0009619639134395574,金彩瑛,40,0.9766731878391746,156
x134,2.705969948613744,0.879945649212286,3.0751557792644206,0.0021039263213265802,寺山怜,16,0.9724770196655406,157
x35,2.442855827904899,0.7475376280912295,3.267870052431358,0.001083601056731049,余正麒,35,0.9702067005651771,158
x306,3.524843897931481,1.3099291220235059,2.6908661229597657,0.0071266787659799375,汪涛,4,0.9442835275451742,159
x71,2.3098592021232793,0.6940131273287966,3.3282644249306212,0.0008738887778061321,呉侑珍,57,0.94265334128555,160
x138,2.512060493514016,0.7997691638182644,3.140981932237693,0.0016838241982626556,小林覚,25,0.9365152407920352,161
x514,2.365482383502307,0.7626688545177381,3.101585136839085,0.001924875124708965,高尾紳路,31,0.8630247401023627,162
x309,2.9270835374325936,1.0511412187460007,2.784672016691126,0.005358189162679776,沈沛然,8,0.8563353365029722,163
x208,2.310347849465334,0.7420634799015394,3.113409987204709,0.001849389133599529,本木克弥,36,0.8484827940593012,164
x28,2.3663192682051584,0.7756386880815913,3.0508009780402285,0.002282318039921565,伊田篤史,31,0.8383110526844235,165
x83,2.8788486790468597,1.070408396527808,2.689486263733798,0.0071562092158304735,周賀璽,9,0.7701441378870779,166
x263,2.191513328450296,0.7269619021016034,3.014619228483311,0.002573020579217421,村川大介,44,0.7593983813101373,167
x157,3.896347424969417,1.592554731133445,2.446601896184961,0.01442100275645251,崔明勲,2,0.7590146046365307,168
x427,2.3401541614758945,0.826929823176124,2.8299307823820934,0.004655807550828882,趙恵連,22,0.7111024098189302,169
x164,2.5189530826354036,0.9280495037298774,2.7142443075629106,0.0066427157787722095,常昊,14,0.6906955602875453,170
x400,2.1146036139481503,0.7287781864755725,2.9015736930526645,0.0037129343760502528,蕭正浩,43,0.6789105865912726,171
x336,3.120320187727551,1.2397990260566278,2.516795159657619,0.011842765904846538,王彦皓,5,0.677916106395994,172
x123,3.759319325734099,1.5667331466894676,2.3994637080843035,0.01641910732386514,安藤和繁,3,0.6728550267558475,173
x52,2.8576824110527643,1.1147565587189863,2.563503563806476,0.010362163708299324,劉宇航,7,0.6616119903763615,174
x200,1.9696654631889396,0.6729758634037109,2.926799563400328,0.003424695148361083,於之瑩,57,0.6439030122836293,175
x462,2.302038430906134,0.8426543547723764,2.731889318400279,0.006297229204921735,金東昊,20,0.6420093520045524,176
x446,2.0942345193717093,0.7389510207987464,2.8340640454194257,0.004596011990031846,金多瑛,35,0.638501008398179,177
x166,2.3301236176979416,0.8600988834861008,2.7091345686366033,0.006745897255287086,平田智也,18,0.6357288172303233,178
x114,2.3289404746153495,0.8764985316892369,2.657095694304114,0.007881706676067477,孫喆,18,0.6022383671875529,179
x387,2.034042718846518,0.7387863452583668,2.7532218643472315,0.005901188942218763,芮廼偉,37,0.5786336186875356,180
x455,2.3094011986506793,0.8789914140490025,2.627330781324257,0.008605763292519721,金成進,15,0.5777881129741445,181
x368,3.7047083853331277,1.5913063095818096,2.3280925633398097,0.01990718910824912,程宏昊,3,0.5698349554569626,182
x49,1.9693667912507977,0.7264381415864753,2.710990349363923,0.006708257867272316,六浦雄太,48,0.5382836523254413,183
x437,3.4807970497283396,1.495699159339552,2.3272039888458163,0.01995441083176084,郭聞潮,3,0.5342697058294221,184
x167,2.332398200343305,0.9128344703083048,2.5551162628154813,0.010615233511612015,広瀬優一,17,0.5341142938359447,185
x378,2.0360132355194387,0.762640874686361,2.669688057772614,0.0075921744520663975,羽根直樹,28,0.5336107123873075,186
x101,2.0055959972647726,0.7583978712689455,2.6445169128824486,0.00818076182749147,大西竜平,38,0.5115521908649499,187
x312,1.982522419788737,0.7521638855216528,2.635758586592849,0.008394943408255097,河野臨,35,0.500759565311081,188
x179,2.0308344007035863,0.780272568824692,2.6027243322965834,0.009248628589986568,張栩,28,0.4936974401189431,189
x328,2.0603781345681496,0.8094055157126053,2.5455449642620493,0.01091073110810655,瀬戸大樹,26,0.4658492686143172,190
x270,1.882178639380792,0.7268868523608023,2.5893694916448173,0.009615186203257227,林士勛,45,0.45021154023001153,191
x205,2.077792388241435,0.8282382734330094,2.508689171811732,0.012118006307597884,曺承亜,19,0.4461629895784067,192
x278,2.1267901144030583,0.8544824989491596,2.4889803091562195,0.012811006090105364,林漢傑,16,0.4434595914732138,193
x347,2.087853784637937,0.8358221762312368,2.4979640933340295,0.012490884511574997,王銘エン,19,0.4412840974624004,194
x495,1.898972412949577,0.7444691873103212,2.550773685893353,0.010748409593082939,陳詩淵,38,0.43236811394824426,195
x141,3.606599856944337,1.6147184683607758,2.233578129942164,0.025510844253129487,尭瀟童,3,0.4256044742736087,196
x237,2.8394983583846245,1.245767167086792,2.2793170613291642,0.022648224550648747,李必奇,5,0.38533703922364415,197
x443,2.0311160183216983,0.847808005511681,2.3957263969167766,0.01658746690999478,金侖映,17,0.36093424746368674,198
x34,3.100103647389756,1.391199554735328,2.2283673372649564,0.025856029336410086,何語涵,4,0.3594405245611596,199
x504,2.1705643815963773,0.9202792785430416,2.3585931273305962,0.01834435634063204,韓尚勲,17,0.3576142028665854,200
x510,3.2699122942465646,1.5068444368963791,2.170039729503561,0.03000383634013373,首藤瞬,5,0.30142875356069787,201
x501,1.7473985526749127,0.7376235463078001,2.3689571210430795,0.017838321412707057,陸敏全,34,0.2942801664485464,202
x452,2.0283131457074868,0.8882322220397306,2.2835392540136428,0.022398623357439768,金恩善,15,0.27849566828921746,203
x18,2.2208239876968228,0.9902114102497782,2.2427776176974428,0.024911158501386792,中野寛也,8,0.2701075095047598,204
x413,3.409111142173629,1.5940324789330276,2.138671066762411,0.032462317455780584,許瀚文,2,0.2688671586755649,205
x325,2.729992426372896,1.2499717156405785,2.1840433605122374,0.02895906200860257,潘昕玮,5,0.2675481465609564,206
x158,2.5918306617211466,1.1837446229289585,2.189518424428521,0.028559180904127224,崔暎賛,7,0.25985375455109816,207
x324,2.3535886201693783,1.0698613658299934,2.1999005622036605,0.027813950829409576,潘善琪,7,0.2459617294842915,208
x51,2.456565289730056,1.129338549773524,2.17522486080254,0.029613270049505033,内田修平,6,0.2317683466762137,209
x357,2.9315549769223934,1.372616561726567,2.135742099188204,0.03270044089934026,白現宇,4,0.2275003503210562,210
x401,2.548652633211876,1.1949313965632335,2.1328861560940715,0.032934066270888636,薛冠華,7,0.19463778198230575,211
x248,1.8369202320817422,0.8371559997794,2.1942388665503096,0.028218241784941568,李沂修,17,0.18772291251632423,212
x279,1.6633485991099777,0.7520848076743407,2.2116503114236847,0.026990836243887043,林立祥,34,0.18174152799152643,213
x528,3.3747326784347496,1.631644449539485,2.068301509797207,0.03861167989064912,黄晨,2,0.16039311284196422,214
x259,1.5517053706727115,0.7111214050121808,2.1820540905334336,0.029105540910662663,李赫,43,0.1507962027987153,215
x480,1.6827606492641727,0.7799424987503177,2.157544500986185,0.03096326366788324,陳一鳴,25,0.14627392672604667,216
x507,3.6627178273193204,1.8068207876082705,2.02716166010451,0.04264588268516678,韓相朝,2,0.10328087573102751,217
x327,3.7055399032759833,1.8303971563836516,2.024445836988233,0.04292429956200002,潘非,4,0.09965750520018979,218
x100,2.8289125427983812,1.3862250906403444,2.0407310197304325,0.041277570308046296,大西研也,4,0.09804911423690266,219
x373,1.5799287658970416,0.7576500722717175,2.0853014125106935,0.03704194929737872,簡靖庭,33,0.08735812352175798,220
x491,1.5390860101166834,0.7410586469581324,2.076874774262822,0.03781311854255252,陳祈睿,38,0.07920047560916266,221
x513,3.4590990264144224,1.7161625538926777,2.0156010388225387,0.04384171107431892,高宇,2,0.07825879524584733,222
x374,1.5358415208248306,0.7422817788773726,2.069081532821186,0.03853843636459362,結城聡,40,0.07354641643640658,223
x430,1.560053884338351,0.7552395318944866,2.0656411885975055,0.03886237223795409,趙治勲,36,0.07223200650621231,224
x37,1.6987963228770917,0.8303398060296124,2.045904954262192,0.040765722822808506,依田紀基,20,0.0630269049987553,225
x486,2.0833360016094176,1.0320164271723873,2.0187043023312445,0.043517962563878874,陳時暎,12,0.05026364007981465,226
x222,2.916512056993602,1.4622269570676254,1.9945686563202365,0.0460899449565775,朴炫洙,3,0.03592495157037989,227
x453,1.6798339171143593,0.8440950635721779,1.990100392253648,0.04657987761477924,金恵敏,17,0.016966641877168787,228
x215,1.705709703699909,0.8639753071659694,1.9742574695740034,0.04835247426257025,朴柱民,20,0.0036783485829492424,229
x421,2.8052089880418287,1.4353808118826088,1.9543308401640038,0.05066210387983542,賈依凡,3,-0.02249121136691068,230
x525,1.7282302776915712,0.8986942211214033,1.9230459449656427,0.054474280018599185,黄宰淵,17,-0.04219733791759328,231
x108,1.6128770112414594,0.8426082802726224,1.914148067379091,0.0556012392166594,姜多情,16,-0.04706130089560667,232
x283,1.511582209146561,0.8115374710795332,1.8626154219789823,0.06251639300886902,柳時熏,22,-0.08714660888011938,233
x190,2.668746463970135,1.4000435444596904,1.906188185739656,0.056625794485557594,彭荃,4,-0.08933931861545519,234
x252,1.5575217552648963,0.8392791122766241,1.85578520003908,0.06348418092781215,李玟眞,16,-0.09585809592005323,235
x448,3.4073050166994037,1.7841676791763466,1.9097448387095386,0.056166074701982566,金宣圻,3,-0.10750531127799912,236
x104,1.6731196755300504,0.9054892030368078,1.8477522094341734,0.064638197349276,姚智騰,18,-0.11069405445246105,237
x152,1.5526114000956937,0.8447577428169619,1.8379368680520116,0.06607170863253295,山田規三生,20,-0.11156135325372141,238
x436,2.594587861680488,1.3816003818856621,1.8779582690468666,0.060386874116115305,郭信駅,4,-0.1271648906342664,239
x532,2.2100072369423684,1.1933117143131198,1.851994923400603,0.06402655189720599,黄静遠,7,-0.1408168402544776,240
x73,1.3909116170759859,0.7775481737908302,1.7888430118674008,0.07364010175486602,呉政娥,24,-0.14085828529194955,241
x155,3.3597533878962746,1.7778318338945525,1.8898038182477217,0.058784202720995785,崔基勲,2,-0.14257532487599356,242
x217,2.6045239349060294,1.3970534304302205,1.8642980133579932,0.062279865660021014,朴正祥,5,-0.147671323041505,243
x530,1.4572262454286833,0.8160126277549786,1.7857888418195407,0.07413345406986858,黄翊祖,22,-0.15031863124862466,244
x187,1.5895377558186738,0.8834312074790416,1.7992773431160274,0.07197482021354983,張豊猷,14,-0.15082172291503815,245
x137,1.7846727545622487,0.9838379148175544,1.813990625572916,0.06967916902558953,小林光一,10,-0.15348793762833357,246
x403,1.11223611318448,0.6475000798288011,1.7177389591651557,0.08584423979455032,藤沢里菜,64,-0.16333904407825806,247
x240,1.6706520467302854,0.9334382195967118,1.789783203276253,0.07348877044914644,李承俊,17,-0.1682212458752368,248
x407,1.4442587756291456,0.8255384555383327,1.749474862061206,0.08020897036016708,西健伸,30,-0.18205198178136972,249
x48,2.714769146532439,1.4710016725050346,1.8455241739523907,0.06496132529664067,公彦宇,3,-0.1831041483024789,250
x367,2.30635996899173,1.2722001369802154,1.8128908352944135,0.0698486600387983,秦悦欣,7,-0.19987430085929425,251
x398,1.4248336673710054,0.8344360502890389,1.7075408797084686,0.0877215662967739,蔡碧涵,17,-0.21900535169840118,252
x38,2.508914895003959,1.3919437995900512,1.8024541621169423,0.07147398029705171,侯靖哲,4,-0.23321439018844226,253
x404,1.5411917092099625,0.9099219957112082,1.6937624504893354,0.09031043203569082,蘇耀国,12,-0.2513546223411176,254
x6,2.8100126944142,1.559404809694114,1.801977701329137,0.07154891394020342,Mateusz Surma,4,-0.2620147806832045,255
x326,1.2471305959085748,0.7735934638767509,1.6121265938038845,0.10693439480440987,潘陽,25,-0.27684852792862435,256
x468,1.6460259081643833,0.9779515552998121,1.6831364490849023,0.0923486798880922,金秀俊,9,-0.2805386557762466,257
x307,3.062433739854424,1.7139391717211507,1.7867808790314914,0.07397291095185879,汪逸塵,2,-0.31402642843624307,258
x188,1.5426625808667873,0.9468456599667996,1.6292650915471056,0.10325691268680429,彦坂直人,13,-0.32262336926780777,259
x233,3.1700948379863623,1.7756604770565905,1.7853046114092965,0.0742119212900235,李宰成,3,-0.3279563018151208,260
x225,1.246988071717243,0.8027792710273742,1.553338653253195,0.12034225045803265,朴鋕恩,23,-0.33448709220668427,261
x63,2.512181608509246,1.4460925181264652,1.7372205284375506,0.08234825277639256,厳歓,3,-0.33662065219989046,262
x7,3.4019672689639218,1.8980370392673596,1.7923608436414276,0.0730751828110155,Victor Chow,2,-0.33716569839277666,263
x474,1.7296820755688245,1.0550073046865125,1.6394977246937512,0.10110964415047764,鈴木伸二,9,-0.3486823146636051,264
x516,1.23266875190465,0.8110584330799991,1.5198273042098622,0.12855438484229803,高星,19,-0.3651163612629482,265
x235,2.8352102633816743,1.6284275760818072,1.741072372529782,0.08167089337306283,李廷宇,2,-0.37279206149948596,266
x80,2.818417511018521,1.6250253142680846,1.7343837577619172,0.08285001501562371,周振宇,2,-0.38288235808960547,267
x30,1.4096455714909164,0.9178316017800464,1.5358433603256239,0.12457680230125258,佐田篤史,18,-0.3984826840157749,268
x276,1.1436882288603445,0.785825721421625,1.4553967854237655,0.1455594458414439,林書陽,27,-0.4043884423402566,269
x135,1.5069258873943139,0.9735230162216129,1.5479098719647293,0.12164399749700701,小山空也,11,-0.4109144545622634,270
x236,3.1547656226895295,1.8137368198295343,1.739373424081468,0.08196909975458759,李建宇,3,-0.4182959123746528,271
x216,1.423966962152371,0.9385898417706939,1.5171344273937488,0.1292327476921156,朴正洙,17,-0.4250550261358961,272
x15,1.5234205746527032,1.0035681591387489,1.5180040944703606,0.12901336647687386,三谷哲也,8,-0.45360869885063204,273
x193,3.4036508540454578,1.9626280098646671,1.7342312638655129,0.08287705784682646,徐沢鑫,2,-0.46272632538793657,274
x89,1.096581198691918,0.7923237471917174,1.3840064778805374,0.1663564712258311,坂井秀至,28,-0.46429658327576506,275
x344,2.081841980455452,1.3071857269484517,1.592613763703946,0.11124686393403282,王碩,8,-0.4933139016329977,276
x124,1.4820730597889327,1.004964974873033,1.4747509583368092,0.14027951042610567,安達利昌,11,-0.49770794071094215,277
x465,2.8492034767730106,1.700109332957144,1.6758942625278987,0.09375890575755737,金澤秀男,2,-0.5000119091525628,278
x45,2.4216663701403935,1.4882280875776772,1.6272145313975577,0.10369154254722956,兪斌,3,-0.5101429623876306,279
x145,1.034903217964926,0.7875131187525627,1.3141409245400693,0.18879878429816246,尹渠,25,-0.5164976259776224,280
x339,1.885782018606232,1.228001886857041,1.5356507500429981,0.12462406011578264,王晨星,5,-0.5333816985021387,281
x265,1.8117529309178206,1.2061814975445742,1.5020566428899873,0.13308248092993427,松本武久,6,-0.5644246192449904,282
x125,0.866845517313357,0.7303257930690198,1.1869298955889886,0.23525527398437668,宋容慧,35,-0.571896295032612,283
x234,1.2889710699167203,0.9686458714216308,1.330693814887132,0.18328977902439894,李小渓,9,-0.6192612967838924,284
x144,2.407474312466884,1.5486288433874136,1.5545844459417815,0.1200450705239602,尹松涛,3,-0.6433245090063209,285
x255,1.0553330144856923,0.8644232988412313,1.2208521171287001,0.22214201683940882,李維,21,-0.6475808842315334,286
x291,2.2654931060549,1.482568818249835,1.5280863041010826,0.12649111147051084,楊博崴,4,-0.655167465897275,287
x126,0.978545791876853,0.8303585238811669,1.1784617893762879,0.23861255695424294,宋慧領,15,-0.6572605001690459,288
x329,1.9939605266072333,1.355116175349227,1.4714314262342636,0.1411744797772527,焦士維,6,-0.6756183388307435,289
x19,1.065422326791218,0.8846999300545993,1.2042753600370075,0.22848316697234322,中野泰宏,15,-0.6774365354163427,290
x320,1.1653575097171611,0.9425610698806525,1.2363734796141317,0.21631976932972316,清成哲也,12,-0.6914877979477243,291
x203,0.8005411735634492,0.7632034672541118,1.0489223489034618,0.2942138585614689,曹又尹,28,-0.702969656927151,292
x422,0.768232364605129,0.7730649966237756,0.9937487377649328,0.3203452085052192,賴均輔,31,-0.754705678743709,293
x253,0.9113974049278041,0.8459749906645059,1.0773337450695906,0.28133119183826666,李瑟娥,17,-0.7551733266812725,294
x285,2.2673637618632982,1.5390032322477492,1.4732677062359134,0.14067886485700215,柳琪峰,4,-0.7644726056647677,295
x365,1.1499675175795,0.9782865608188203,1.1754914803459877,0.2397981436897424,石田芳夫,12,-0.7772570072335758,296
x311,0.9914375203052926,0.8982940064078953,1.1036893413881947,0.2697279207759601,河英一,18,-0.7782016723182609,297
x416,0.6464250127272801,0.7266055382425145,0.8896505444905197,0.3736535570677558,謝依旻,40,-0.7849878976104734,298
x81,0.7277101033738291,0.769504876052663,0.9456861496534902,0.344308688906365,周泓余,28,-0.788214502449917,299
x523,2.613129770617677,1.7283686275597185,1.511905347591938,0.13055794345357563,黄奕中,2,-0.7917564256749685,300
x386,2.3781860966512482,1.6357990971434822,1.4538375163577,0.14599135948782085,芝野龍之介,3,-0.8443381247214115,301
x61,0.9536888474311758,0.9171867549290358,1.0397978844613431,0.298433812199572,原正和,12,-0.8531690597790247,302
x500,0.7394457850029762,0.8101276646267823,0.9127521714045297,0.36137289825263735,陶然,19,-0.856505714311785,303
x26,1.6855317044277505,1.307009268938334,1.2896096029960715,0.19718623982770817,仲邑信也,4,-0.8892765553807673,304
x272,1.4842853604912305,1.2259201772108215,1.2107520441243036,0.2259904495688456,林子淵,4,-0.930777388614088,305
x21,2.7142239856620813,1.8554796698313667,1.4628152653964464,0.1435179348408046,于浩然,2,-0.9410709639057111,306
x120,1.3638171841292168,1.171703691132292,1.1639608157342862,0.24443989174476746,安斎伸彰,5,-0.9444390874013986,307
x65,1.9108625268447605,1.4526802213156016,1.3154047937089774,0.18837389531273482,古谷裕,6,-0.9509175091469744,308
x470,0.7678759100952747,0.8785466925835755,0.8740297090381763,0.38210207481152725,金美里,15,-0.9628610742943692,309
x346,0.7440715556930515,0.8676661952326349,0.8575550825666941,0.39113818675287065,王立誠,19,-0.9652308489152392,310
x318,1.010285420451731,1.0087357468894211,1.0015362532428227,0.3165676223110902,洪爽義,9,-0.9769240009204285,311
x213,0.6978401522174108,0.8537026601233456,0.8174276417465827,0.41368408449488664,朴志娟,17,-0.9839540882255801,312
x149,0.802610680369165,0.9088470237373548,0.8831086634015421,0.37717756379275375,山城宏,14,-0.987817956393424,313
x136,1.217300342918379,1.1493258325757791,1.0591429413800444,0.2895346860652121,小松英樹,8,-1.0468715472559056,314
x182,1.9726189642109362,1.5381234660932004,1.2824841488319172,0.19967286195385134,張璇,3,-1.0574842639926687,315
x181,0.9415206825515335,1.0228960601991863,0.9204460933872336,0.35733969088373513,張瑞傑,9,-1.0735845560408634,316
x472,1.3912921981295097,1.254411978914054,1.1091190306823704,0.2673788361689928,金起用,10,-1.0798994003311768,317
x192,1.7879205787725543,1.4609180450946537,1.2238335920183079,0.22101500931583917,徐武祥,3,-1.0900879700639134,318
x191,0.8952283999553972,1.015125594089525,0.8818893003661634,0.3778366737045824,徐奉洙,18,-1.104569020400967,319
x211,1.8715207880988645,1.5173327431578019,1.2334280641726239,0.21741609989400046,朴常鎭,4,-1.1176247159220052,320
x95,1.2303824367882263,1.1938377460728642,1.0306111034230372,0.30272322708933247,大橋成哉,6,-1.121477922975316,321
x302,0.7510296090425388,0.9565143898167243,0.7851733513245336,0.4323519376145712,武宮正樹,12,-1.133303738896408,322
x519,0.29616804496336036,0.7317512286238438,0.40473870542089013,0.6856695881646533,魯佳,32,-1.145381875425612,323
x345,2.5506455412610447,1.8845296437811783,1.3534653326775752,0.17590701792849253,王磊,2,-1.1618778569878763,324
x363,0.6854930658364093,0.9395649017805153,0.7295856460127139,0.46564349877558975,矢田直己,12,-1.1654497906712058,325
x310,1.264815421114017,1.2447854493040036,1.0160911037490137,0.30958600503897704,沈載益,13,-1.18741191401487,326
x84,1.7901513079157354,1.5149036801775155,1.181693154053178,0.23732747570269622,周逵,3,-1.19420894203397,327
x132,1.76358699620331,1.505815531664743,1.1711839592022202,0.24152484155182383,寇政岩,4,-1.2028696011762336,328
x176,0.40671220599237934,0.8477682997205671,0.4797445317623173,0.6314090587055885,張子涵,16,-1.2633913444571379,329
x517,0.6911226430112385,0.9940784452204678,0.695239542044351,0.48690519553883743,髙嶋湧吾,10,-1.2672118940730832,330
x420,0.5092241833489226,0.902575694547866,0.5641900024839602,0.5726248309888506,谷口徹,14,-1.2688499349103735,331
x432,2.4707517653206637,1.9028408378846269,1.2984542459512163,0.19413128900529106,趙貫汝,3,-1.277844685312051,332
x258,0.45150503472026404,0.8863174211534305,0.5094168566975555,0.6104600632543387,李裕眞,13,-1.294540284951994,333
x62,1.4294745719663535,1.396040314738592,1.0239493493667637,0.3058591992952377,厳在明,7,-1.3207248480686726,334
x168,1.7783259627875831,1.5765631951564856,1.1279763274006096,0.2593299167723877,康又赫,5,-1.3275035316706933,335
x246,2.093179272220972,1.7365232977146132,1.2053850788962885,0.22805467897620876,李柱衡,3,-1.3277716242768158,336
x388,0.5584387375201161,0.9574961540976156,0.5832281781292501,0.559739704463467,苑田勇一,11,-1.3278286860521866,337
x425,0.46128002874542756,0.9166288525493226,0.5032353361587063,0.6147988236687694,趙善津,16,-1.344478810776738,338
x308,0.4506362232434947,0.9213711735965463,0.48909303455245834,0.6247758325679968,汪雨博,11,-1.3644649887417013,339
x31,0.46461456652053396,0.9307505958540605,0.49918266890197555,0.6176507028792217,佐藤優太,13,-1.3689641073119652,340
x220,0.2586908262505494,0.8447318851993444,0.30624015830715584,0.7594217983248376,朴泰姬,21,-1.4054309875921591,341
x370,2.071684095247013,1.7717588911497015,1.1692810492418009,0.2422904157956505,稲葉貴宇,2,-1.4186809203178994,342
x364,1.1294786133462087,1.2978960512596733,0.8702381151787872,0.3841702903932701,石井邦生,4,-1.4273766076353476,343
x39,0.5211776983663122,1.0078051578737182,0.51714132865315,0.6050575051312457,倉橋正行,11,-1.4641984626449127,344
x323,0.3062234679809942,0.9033001566254053,0.3390052196215701,0.7346057980689861,湯川光久,15,-1.473277840571054,345
x59,1.6012173046133304,1.5794335947569162,1.0137921023895702,0.31068196456854275,劉雲竜,2,-1.5102668770577947,346
x322,0.16772580450383684,0.859601843657606,0.19512034058717642,0.8452987391260397,渡辺貢規,21,-1.5256898275016468,347
x440,0.34256125763998724,0.9542963410493654,0.35896738036666814,0.7196194918417308,鄭岩,8,-1.5374025342272626,348
x350,1.4324380721015404,1.5125007507972974,0.9470660238326805,0.3436051364843507,田瑞祺,3,-1.5471884069691353,349
x402,0.4262782334516122,1.0066355923142594,0.4234682706495573,0.6719536436187246,藤井秀哉,9,-1.5567938834074788,350
x490,1.3371432958018645,1.4729829102863612,0.9077792325111985,0.3639948726968401,陳浩,5,-1.5646330374622668,351
x396,-0.05320488184808446,0.772087646342382,-0.06891041723065049,0.9450609264818159,蔡丞韋,31,-1.5742175451425768,352
x479,0.49717717804978023,1.0521188559172547,0.4725484913169177,0.636535338271629,阿部良希,8,-1.5754969681072117,353
x98,0.5125651100693783,1.0750188288563776,0.47679640236129944,0.6335071078121975,大竹優,11,-1.6052219827776852,354
x239,1.7548763895305826,1.7079178635568717,1.0274946043809836,0.3041876248206469,李成森,3,-1.6097218016764547,355
x85,0.044704603818892116,0.8403484238475224,0.053197700561170534,0.9575743877093809,唐奕,19,-1.610781791160727,356
x301,0.6704885220862117,1.164968650816252,0.5755421157611617,0.5649247158852333,武井孝志,6,-1.6244997200218045,357
x153,1.996386464745959,1.8394943347355515,1.0852909014438268,0.2777928343955724,岡田伸一郎,2,-1.6274173746830771,358
x70,0.11654536823488393,0.8863016010754331,0.13149628534289962,0.8953827249273094,向井千瑛,17,-1.6294687858837191,359
x185,1.8427985567341474,1.7646573207403546,1.0442812522722593,0.296355284106295,張紫良,2,-1.6335763651243513,360
x485,2.0448657756888653,1.8767336542922866,1.0895876306219814,0.2758948342324803,陳旭東,2,-1.6522995232669393,361
x442,0.41369743240155354,1.0604614195444486,0.39011078081394895,0.696454631230209,金伸英,7,-1.6754115641010099,362
x74,0.17304154010596645,0.9475204895097377,0.18262564453408384,0.8550917613036587,呉柏毅,13,-1.6935738242282168,363
x54,-0.053239387257752686,0.8406278913557788,-0.06333288224815775,0.9495014320644131,劉慧玲,20,-1.709276333228637,364
x25,1.133602625049496,1.4444110697733679,0.7848199510319187,0.4325591408576239,今村善彰,3,-1.711887182404039,365
x429,1.1816805194352333,1.4761037446210599,0.8005402897603178,0.4233978300648471,趙毓彩,4,-1.7262438574682546,366
x20,0.1656322851502802,0.9605805103084812,0.1724293626331113,0.8630999898319487,久保勝昭,12,-1.7267113201574278,367
x483,1.3650838741135656,1.5762804916792628,0.8660158400230517,0.3864814753445532,陳必森,2,-1.740188694494582,368
x415,-0.001403084230585583,0.8867239442062691,-0.001582323607874965,0.9987374889499177,許育祺,18,-1.7482492543169357,369
x198,0.39296746220425216,1.1152569820582279,0.3523559758209478,0.7245713137004197,文度媛,9,-1.8040887924504565,370
x16,0.01192427487348773,0.9277338863864257,0.012853119896195054,0.9897449764370368,上野愛咲美,15,-1.8157114813077708,371
x358,1.3550107009588803,1.6174625226921797,0.8377385453750963,0.4021775601481307,白石勇一,2,-1.8313904687447136,372
x488,1.680846491738721,1.7860840504383482,0.9410791677615623,0.3466642903502959,陳棟如,2,-1.837739087624825,373
x379,1.2157064870222356,1.568043755654176,0.7753013795938699,0.4381615943593397,聶衛平,3,-1.873339711616491,374
x151,1.4241248903558887,1.673894838349998,0.8507851614858231,0.39488870587131575,山田晋次,2,-1.8734479411936074,375
x139,0.33729125795784565,1.150133918010753,0.293262595490808,0.7693214418174413,小池芳弘,8,-1.9284725605233377,376
x194,-0.05014315306343983,0.9998440650939473,-0.05015097335075774,0.9600020799521968,徐能旭,17,-2.019835961298516,377
x426,0.14531917090749918,1.102747376944369,0.13177920342025007,0.8951589363460245,趙大賢,12,-2.0270931616729078,378
x299,-0.1314932706494891,0.9631192913532765,-0.1365285399534758,0.8914034641639783,横田茂昭,13,-2.0288382746154436,379
x515,0.2517194913345026,1.1595706120858962,0.21707991623010905,0.8281460653073249,高昀,9,-2.032634614474713,380
x150,1.1483414778943724,1.6257727329644316,0.7063357962711604,0.47997933747682114,山森忠直,2,-2.054430806045558,381
x273,0.30679320375028957,1.2167980296392744,0.2521315750661101,0.8009393647881704,林宇翔,7,-2.090298914639081,382
x492,0.3055419904398866,1.228655830531548,0.24867988483618012,0.8036084097068312,陳禧,8,-2.1149099957072632,383
x380,1.072713155339891,1.6193444851256638,0.662436661990822,0.5076914142918985,胡傲華,3,-2.1173954803576667,384
x469,-0.0008866602324596632,1.0760761376613022,-0.0008239753688681292,0.9993425628490912,金秀壮,14,-2.120756651425225,385
x90,0.45468182394812634,1.3199226434974927,0.3444761147087557,0.7304882558242377,堀本満成,5,-2.145565783741934,386
x275,-0.34321693244043944,0.9151946233899616,-0.37502070452417396,0.7076450685487701,林彦丞,18,-2.146150340518664,387
x161,1.1607326671719949,1.6872785641962087,0.6879318518012161,0.49149569737240373,崔超,3,-2.1632061042945363,388
x288,0.4484657150734836,1.3313176245575535,0.3368585428458708,0.7362235386290452,桒原駿,5,-2.1742300053048966,389
x475,-0.08801312365159022,1.0617950993669185,-0.08289087386452142,0.9339383106697435,鈴木歩,10,-2.17974946940442,390
x103,-0.3180759665136348,0.9464184558135776,-0.3360838586354537,0.7368076301395381,奥田あや,12,-2.182520324466383,391
x280,0.8362805000330021,1.5334279259512118,0.545366681980989,0.5855013507188027,林至涵,4,-2.184572514090885,392
x295,0.8317717739451286,1.534885645714738,0.5419112337569644,0.5878796575509014,楊潤東,6,-2.191952948112905,393
x406,-0.16140518443009247,1.033448330076643,-0.15618118461531819,0.87589020723403,袁亭昱,10,-2.197298394681079,394
x293,-0.36938051121000376,0.9283941428596035,-0.39787035931985987,0.6907257500232671,楊梓,16,-2.198316972643423,395
x463,-0.05144121440073635,1.0923121339509456,-0.047093878024288716,0.9624384065547574,金東燁,12,-2.2032961182840993,396
x109,0.35406194267999913,1.2983032952412372,0.2727112716864907,0.7850751694732093,姜旼侯,6,-2.203595548945238,397
x105,1.0837830628126714,1.6699708229708132,0.6489832324643035,0.5163492141979462,姜ミヌ,2,-2.2060594584398308,398
x2,0.0,1.132617631384566,,,AlphaGoZero,100,-2.231256733827595,399
x533,0.0,1.132617631384566,,,黒嘉嘉,21,-2.231256733827595,400
x460,1.5085227997893524,1.9166245029265239,0.7870726882005137,0.43123931638286034,金東佑,3,-2.2672274709758993,401
x473,-0.25874946966902107,1.0202730175369512,-0.25360806884187737,0.7997983623639052,金鐘秀,15,-2.2686873142168147,402
x227,1.890532268735496,2.1267032756975564,0.888949714019415,0.3740301057354172,朴鎮锳,2,-2.2990731843886896,403
x262,1.018638154876981,1.6866946679729438,0.6039256388360865,0.5458930820284615,李鑫怡,3,-2.304150341029718,404
x454,0.41111683446692937,1.3865389635915784,0.2965057926695443,0.7668438438481321,金恵臨,5,-2.32036492380848,405
x206,0.9371300690057255,1.6593379031159317,0.5647614432515327,0.5722360356626979,木和田一臣,2,-2.33176560013266,406
x477,-0.3530854952518645,1.0554007430568753,-0.3345511148961138,0.7379637264439183,関山利道,8,-2.432224959073909,407
x521,-0.5315261216510188,0.9728020747646534,-0.5463867064424272,0.5848001460424666,黄世元,15,-2.447946208937386,408
x372,0.6766620085032851,1.5927503520817814,0.42483871224317343,0.6709542549217673,竹内康祐,3,-2.4610561850978243,409
x183,-0.37782486120267117,1.0601066011371159,-0.35640270591410333,0.7215390032231362,張秀英,15,-2.4662348654427895,410
x498,0.36394022292575745,1.4425908648994048,0.25228235654406134,0.8008228246097795,陳首廉,5,-2.47796378092607,411
x199,-0.12680524934371037,1.1950646668300868,-0.10610743741596991,0.915497110256912,新垣朱武,7,-2.4810826429989814,412
x456,-0.31633129706443996,1.103798800348655,-0.28658420082040403,0.7744307131447723,金日煥,11,-2.4908149337512904,413
x118,-0.40560761933640815,1.0690559872899326,-0.379407275351993,0.7043854487846177,安官旭,14,-2.5116479142975754,414
x478,-0.22302590051084728,1.1752633394380365,-0.18976674675948735,0.8494919146039055,関航太郎,14,-2.5382946792037795,415
x99,0.3047558104082454,1.4580876465049328,0.20901062507370635,0.8344399441909681,大表拓都,5,-2.567676853206472,416
x172,0.44206361854070536,1.5291298839700689,0.28909487884245566,0.7725087724557206,張俊哲,3,-2.5703222528803304,417
x92,0.03995553679462326,1.3348395431249456,0.029932838744861252,0.976120616045561,外柳是聞,5,-2.5896783631615192,418
x17,0.16318935049420813,1.4241233038340753,0.1145893407227197,0.9087706289229927,下島陽平,4,-2.64233355805892,419
x353,-0.266140405561211,1.241003500042083,-0.2144558057670152,0.8301916270780665,畠中星信,7,-2.7109173006441143,420
x36,-0.6584844801824393,1.0494370364969545,-0.6274644950405752,0.5303548026614188,余炳葟,10,-2.7258754420814397,421
x297,-0.5145405665792402,1.1397915121831979,-0.45143393425844225,0.6516768305198376,権周利,12,-2.7599298455801398,422
x354,-0.7257814452207448,1.0412493180963123,-0.6970294554887885,0.4857843602264149,白成豪,16,-2.77704260187048,423
x439,-0.5786532121129437,1.1165534318836605,-0.5182494590847638,0.6042842307608336,鄭大相,12,-2.7782634729237548,424
x292,-0.7568264772742803,1.0272673199479079,-0.7367376169551062,0.4612819263179947,楊子萱,12,-2.780543097571659,425
x75,2.0906703305440186,2.4938865492990927,0.8383181388630537,0.4018520512275451,呉震宇,2,-2.8222861715751937,426
x520,-0.4134025680560748,1.2233288600966896,-0.33793249022458294,0.7354140627172874,鶴田和志,12,-2.8233604224465534,427
x391,-0.5513706398899836,1.1586361783845085,-0.47587901204566396,0.634160575338838,范蔚菁,9,-2.833883911307465,428
x445,-0.6701459535446238,1.1082320761113067,-0.6046982107719799,0.5453795372101241,金基憲,11,-2.853363143483898,429
x447,-0.6163668264942516,1.140310605840004,-0.5405253825910074,0.5888347610898341,金宗俊,10,-2.8627787199990595,430
x331,-1.2771393926650398,0.8056919871664282,-1.585145952805941,0.11293317693868637,牛栄子,35,-2.8643526073829033,431
x349,-0.06896906522734134,1.4238547945110223,-0.048438271580232714,0.961366958777392,田尻悠人,4,-2.873963010414055,432
x24,-0.653925619535609,1.1307228142451196,-0.5783253077565039,0.5630445111983144,今村俊也,11,-2.8814495635984945,433
x23,0.15301586273549736,1.547944853568707,0.09885097804532712,0.9212565920389533,井澤秋乃,3,-2.8964354987948555,434
x107,-0.8224214269646937,1.060924353333081,-0.7751932778061995,0.43822545975645594,姜勲,14,-2.9124424030308633,435
x289,0.025078207879944525,1.4975863174408557,0.016745751205045276,0.9866394480854364,梁宰豪,4,-2.925166837478541,436
x93,-0.2870630540835016,1.3399570188392782,-0.21423303139392227,0.8303653386619256,大垣雄作,6,-2.9267783811968795,437
x377,-0.7660258445532253,1.1102132883615472,-0.6899807925049486,0.49020626631765296,羅鍾勲,11,-2.9531460226254733,438
x511,0.2893154716998261,1.6516634514966921,0.17516611597699056,0.8609491081892493,馬暁春,3,-2.9644615277486572,439
x408,-0.9534722002821793,1.0215295818950267,-0.9333769840648226,0.3506253595916516,西山静佳,12,-2.965885476615382,440
x29,0.6660639714346178,1.8499988532549774,0.36003480232580287,0.7188211078096407,伊藤健良,2,-2.9784337694776872,441
x359,-1.2095975173510898,0.8980345160943518,-1.3469387820545682,0.17799994977135244,盧奕銓,18,-2.978725514056963,442
x67,-0.6567818871432337,1.1824855280605555,-0.5554248839057248,0.578604076011298,吉原由香里,6,-2.986278377422528,443
x313,-0.0828564295452601,1.4764957845003273,-0.05611694284200087,0.955248646770487,沼館沙輝哉,4,-2.991553125010905,444
x1,-1.7540736062323252,0.628478419056901,-2.7909846273870467,0.005254796797234709,AlphaGoMaster,20,-2.9921760917744202,445
x94,0.06117280612433908,1.5515942912784,0.039425774165447056,0.9685509310684617,大場惇也,4,-2.9954679476941086,446
x111,0.18480584196072977,1.6196599026006377,0.11410163433940221,0.9091572266717446,姜智洙,5,-3.0059241661625262,447
x102,-0.08355934595404475,1.5256714653616401,-0.054768898711911165,0.9563225784302407,大谷直輝,4,-3.089132132716476,448
x502,0.003533896812538171,1.5821304935026326,0.0022336316928666107,0.9982178212396564,韋一博,7,-3.1132631753876483,449
x79,-0.6329827111804309,1.2786455506144636,-0.49504157807943405,0.6205707714950621,周平強,6,-3.151914445890924,450
x174,-0.7269039621628345,1.2487592144579884,-0.5821009797139635,0.5604986652878778,張原栄,4,-3.1869596146450716,451
x14,0.058365033064090154,1.6763262699828552,0.034817227474868054,0.9722254834214049,三村智保,3,-3.243997718802134,452
x76,-0.9905155998843246,1.148681190343221,-0.8623067986238747,0.38851871253098447,周俊勲,15,-3.2534175448604703,453
x72,-1.0843584553039423,1.1039412313102894,-0.9822610339654548,0.3259712659323615,呉圭喆,12,-3.2591226809852127,454
x461,-0.9988522956046194,1.150338937416939,-0.8683112977532695,0.38522393898637003,金東勉,11,-3.265020002315989,455
x44,-1.4886829915412576,0.9152145604244166,-1.6265945232021919,0.103823243283539,兪俐均,18,-3.291655675577358,456
x140,-1.026494946674909,1.1512052137216122,-0.8916698208449384,0.3725699340872243,小西和子,11,-3.2943692177064854,457
x362,-0.3551504807349854,1.4993717744890327,-0.23686619074579837,0.8127605995314817,矢代久美子,3,-3.3089128764783795,458
x50,-0.5695507750085894,1.3905600942989362,-0.40958371906662094,0.6821113420222846,内海晃希,6,-3.3089541607774935,459
x143,-0.22665309298716305,1.5729597794004981,-0.14409338112481637,0.8854267312760717,尹春浩,3,-3.3253838584061444,460
x394,-0.7131267133119642,1.3426757669313532,-0.5311235451443314,0.5953331691746936,葉紘源,6,-3.3581979741667296,461
x97,-0.5593499076021224,1.4213045714693788,-0.39354682932163726,0.693915643560846,大淵浩太郎,5,-3.359319913396799,462
x88,-0.7290856937101048,1.3795914845875994,-0.5284794099233296,0.5971666343197393,國澤大斗,5,-3.446880918347676,463
x77,0.06014970403633332,1.7969680003798163,0.033472885451282255,0.9732974879866471,周元俊,3,-3.4798772567119047,464
x348,-0.6536254274656309,1.4394179031489738,-0.45409010547646594,0.6497639745747401,王銘琬,5,-3.489278696669109,465
x130,1.1892338757498486,2.417626081526689,0.4919014916479012,0.6227889837573488,宣承旼,2,-3.5734895048577284,466
x268,-0.9479876530331212,1.3356391881665155,-0.709763281455122,0.4778509425540432,林傑漢,6,-3.579196853721157,467
x290,-0.7573658322171448,1.4418666661806723,-0.525267592338003,0.5993971827690019,森山直棋,5,-3.597843164593069,468
x441,-0.14697713925580516,1.7572406776193628,-0.08364087010262233,0.93334197112427,金京垠,3,-3.6087412741659497,469
x68,-0.7702560988597595,1.449569513624546,-0.5313688592510398,0.5951631966440617,吉川一,7,-3.625908040700115,470
x497,-0.823087980258444,1.4447732209441504,-0.5697004680918443,0.5688808725386993,陳鋒,5,-3.6692912255184202,471
x287,-0.7857312511173098,1.470088276518226,-0.5344789586229779,0.5930102033783751,桑原陽子,4,-3.681805155858215,472
x165,-0.6767653383350196,1.5371088690263175,-0.4402845835921284,0.659731004936633,常石隆志,4,-3.704869810316865,473
x267,-1.7108892325906147,1.0263558415288632,-1.6669552248487896,0.09552330846462402,林修平,14,-3.732810240402475,474
x471,-0.40559039088023807,1.7302763025370471,-0.23440787479175104,0.8146683457364574,金賢貞,2,-3.8142347068782207,475
x57,-1.2027519793467552,1.3424902157592595,-0.8959111695771473,0.37030020815884107,劉耀文,6,-3.8474577043924967,476
x298,-1.267057395770726,1.324233751513322,-0.9568230641476587,0.33865656881058714,横塚力,6,-3.87579788625197,477
x178,-1.2449357349859702,1.339052123246959,-0.9297141712207785,0.35251909518105917,張明翰,5,-3.8828684177824795,478
x274,-0.751860145454035,1.5999615727153527,-0.4699238770953892,0.6384094045966899,林庭毅,5,-3.9037844437032794,479
x207,-1.701459654622003,1.1316060275953521,-1.503579526027784,0.13268966611584665,木部夏生,8,-3.9307235289848466,480
x360,-0.7793114939934347,1.6162583407344597,-0.4821701298316581,0.6296850941676193,盧永夏,3,-3.96334042524032,481
x133,-0.6335447707743268,1.7045995882667144,-0.3716677952612515,0.7101402056683046,富士田明彦,7,-3.991605959659754,482
x457,0.5543212537298554,2.3172333375094487,0.23921684741754892,0.810937439508852,金旼柾,2,-4.010628421163759,483
x509,-0.9722313808272816,1.552254302017241,-0.6263351176181716,0.5310951568743213,飛田早紀,4,-4.0301723558012466,484
x482,-0.8174287891165167,1.634204093067009,-0.5001999398878013,0.6169343006858878,陳嘉鋭,4,-4.036810852458524,485
x393,-0.6969581875482485,1.719330600178262,-0.4053660113278895,0.6852084907931333,葉桂,4,-4.084039469899425,486
x526,-1.822366398365301,1.1606613314705623,-1.5701103749673093,0.11638943531147276,黄彦誠,9,-4.108869221362308,487
x434,-1.4802296531900072,1.3347402733628373,-1.1090020153963092,0.26742931255393304,辻篤仁,6,-4.1096679917147965,488
x317,-1.3980044309901436,1.3904201489325136,-1.0054546692691793,0.3146779667329292,洪清泉,9,-4.137132124387195,489
x53,-1.1141126855135486,1.5545602616139702,-0.7166738485627172,0.47357536576820425,劉建昌,4,-4.17659640089307,490
x522,-1.7066954310353744,1.2614042837302575,-1.3530122364800365,0.176051721238734,黄元俊,8,-4.191661869983982,491
x341,-2.168746852578065,1.0384973619531084,-2.0883508538714914,0.036766197277104846,王智弘,14,-4.214586655625689,492
x209,-1.9388938571334493,1.163390529557749,-1.6665889981677091,0.09559615802590071,朴勝文,12,-4.230773200362215,493
x319,-1.1548793868511178,1.5721669450845968,-0.7345780869276417,0.4625964875404138,淡路修三,5,-4.252048268667774,494
x484,-0.8584662730436237,1.7506936351874791,-0.4903577963552097,0.6238807354799738,陳文政,4,-4.307332734362957,495
x369,-1.8313380900127751,1.2696532071057174,-1.4423923633347615,0.14919171697719777,稲葉かりん,12,-4.332554908011039,496
x264,-1.6065595560651111,1.433196575325257,-1.120962458133498,0.26230384285868713,村松大樹,8,-4.429956809455867,497
x529,-1.7377247037927808,1.3683658603961557,-1.2699269647736549,0.2041106470645918,黄祥任,6,-4.4334054487732075,498
x524,-1.483757018872453,1.5247009016092248,-0.9731462854822489,0.33048060270490226,黄子萍,5,-4.487417795042625,499
x410,-2.1144743252060856,1.2288739469737273,-1.7206600647798516,0.08531252708680483,許壮会,10,-4.535356000744328,500
x332,-2.0311817179349214,1.2753117205576219,-1.5926943077468152,0.11122878514525732,牛詩特,6,-4.5435458074334365,501
x13,-1.7221641799950205,1.4704100517676364,-1.1712135522500957,0.24151294920761437,万波奈穂,7,-4.618871981977264,502
x330,-1.4767771410574384,1.624410640949439,-0.9091156532896685,0.3632890807405787,片岡聡,8,-4.676866103727833,503
x271,-2.0698474619742253,1.3352768034024347,-1.550126128679853,0.12111124580954118,林子元,5,-4.700342764677021,504
x175,-2.4876118407211227,1.2003067560742315,-2.07248007905679,0.03822069215140555,張哲豪,12,-4.852216150187359,505
x32,-2.2224165424521245,1.4022764687620464,-1.584863321862708,0.11299739154909537,何承威,5,-4.984901185913356,506
x481,-2.2441245021781406,1.403642715944551,-1.5987861274711959,0.10986813251501329,陳劭全,4,-5.009300652588906,507
x355,-2.3755254061399196,1.394935296029081,-1.7029645840221077,0.08857469636587639,白昕卉,5,-5.123547939317209,508
x444,-2.1534082440679843,1.5293037059618584,-1.408097185453163,0.15910229435081671,金俊永,4,-5.166136544812845,509
x5,-1.0448876471948412,2.098298025343959,-0.49796913239889273,0.6185057988784501,ILyaShikshin,2,-5.17853475712244,510
x170,-0.6882837875371036,2.2968147341823895,-0.29966883148810697,0.7644297754368291,廖冠泓,2,-5.21300881387641,511
x11,-1.792256665672515,1.7525673201212943,-1.0226464028488638,0.3064750612937165,丁少傑,3,-5.244814286311465,512
x321,-2.6653852487042573,1.3146842059606805,-2.027395808529226,0.042621950257891526,渡辺由宇,12,-5.255313134446798,513
x131,-2.188779898547102,1.55716280533535,-1.4056204598823097,0.1598368572715057,宮本千春,4,-5.256390625057741,514
x58,-1.407245076457796,1.967250677440497,-0.7153359216471082,0.47440149707697304,劉雲程,2,-5.282728911015575,515
x8,-1.7103375532367489,1.8163945582822782,-0.9416112514971279,0.34639170708754763,マイヤーフランシス,3,-5.288634833052837,516
x405,-2.4869895187500703,1.4263995941848402,-1.7435433442978066,0.08123874991624608,蘇聖芳,9,-5.296996719294206,517
x250,-2.1942177106159146,1.5808029111879018,-1.3880400238933388,0.16512485792243434,李洪烈,4,-5.308399445656081,518
x266,-2.5497003563465666,1.4571372939241578,-1.7498010427556014,0.08015265069991713,林世民,6,-5.420260825377158,519
x47,-2.216940458439864,1.7521579137128882,-1.2652629315482669,0.20577708986312304,八幡直樹,9,-5.6686915484542535,520
x201,-2.0573321597091363,1.8933464708066279,-1.0866115586507763,0.2772085146169551,星川拓海,2,-5.7872247071981935,521
x424,-2.431900589559872,1.8195582246421218,-1.3365335368909057,0.18137494637601198,趙佩哲,4,-6.016430292104852,522
x173,-3.214322039617275,1.4670552807466766,-2.1910026716793554,0.028451599115508087,張凱馨,9,-6.104420942688227,523
x78,-3.3950340863431356,1.3880537880048236,-2.445895192017831,0.014449299731936979,周尹南,8,-6.129500048712638,524
x314,-1.583908046018137,2.3177630743823565,-0.683377892902285,0.49436808563170637,泉谷英雄,3,-6.149901302551379,525
x69,-3.0889529317469036,1.8176040566666904,-1.699464149200758,0.0892317639810648,吉田美香,5,-6.669632923380284,526
x277,-3.4049797994601483,2.035277853126453,-1.6729803226766577,0.0943311698055996,林海峯,5,-7.414477170119261,527
x196,-1.7145405137419238,2.938092330567967,-0.5835556956137193,0.5595192751632037,恩田烈彦,3,-7.502582404960819,528
x96,-1.6061405806977496,3.035291622927221,-0.529155277392686,0.5966977379669949,大橋拓文,4,-7.585665077864374,529
x304,-3.754083903050805,2.062011150337124,-1.8205934058295654,0.06866868595303818,水戸夕香里,3,-7.816245869214939,530
x340,-4.343630505983063,1.929891564979303,-2.2507122082942757,0.02440377103216969,王景怡,7,-8.14551688899229,531
x162,-4.216054567818457,2.0066839897983164,-2.101005733464887,0.03564046295375466,工藤紀夫,8,-8.16922202772114,532
x163,-4.413233532839819,2.0457334970343837,-2.1572866354476297,0.03098333767843761,巻幡多栄子,5,-8.443328521997554,533
